# Command : grdtrack out_i.dat -GWGM2012_ETOPO1_ponc_2min.grd -h
# Command : grdtrack out_b.dat -GWGM2012_Isostatic_ponc_2min.grd -h
# Command : grdtrack Andes_profile_FA.dat -GWGM2012_Bouguer_ponc_2min.grd -h
-77.530466	-21.306082	-3.584383	489.24452023	9.41480407048	-4843.0404596
-77.513777	-21.303271	-1.077049	486.400628755	6.36416215177	-4734.27645048
-77.497088	-21.300461	0.830817	483.090151722	2.85530564503	-4621.92940518
-77.4804	-21.29765	1.968133	481.96599755	1.53898573067	-4536.63537967
-77.463711	-21.294839	2.431911	482.118163697	1.49948589175	-4489.41446595
-77.447022	-21.292029	2.138724	483.680808316	2.86678858485	-4494.53993622
-77.430333	-21.289218	1.314214	485.080021853	4.06746473739	-4530.29305423
-77.413645	-21.286407	-0.066250	485.416549253	4.19949879819	-4594.25191344
-77.396956	-21.283596	-1.734305	485.779897184	4.35937104354	-4669.72168825
-77.380267	-21.280786	-3.637813	486.600212597	4.97795262045	-4751.72353023
-77.363578	-21.277975	-5.473982	487.482321753	5.67013418564	-4829.3229909
-77.34689	-21.275164	-7.087805	488.453355897	6.4668976257	-4897.00708207
-77.330201	-21.272353	-8.283576	489.394110242	7.25607698346	-4944.61963031
-77.313512	-21.269543	-8.887634	490.333945076	8.07142531501	-4963.72201645
-77.296823	-21.266732	-8.942572	490.341242236	7.98216395836	-4954.62854778
-77.280135	-21.263921	-8.378483	488.768621246	6.34394086425	-4912.84754378
-77.263446	-21.26111	-7.473394	487.008144169	4.54381724909	-4850.58398092
-77.246757	-21.2583	-6.290539	485.202266133	2.72532714911	-4766.26113846
-77.230068	-21.255489	-5.152437	483.086843	0.616318498056	-4681.62389769
-77.21338	-21.252678	-4.208620	480.451055492	-1.99488694544	-4601.93770085
-77.196691	-21.249867	-3.578470	478.663731774	-3.74550582886	-4551.29173525
-77.180002	-21.247057	-3.359617	479.028212612	-3.33352715365	-4554.03847978
-77.163313	-21.244246	-3.395830	480.61064524	-1.69571121774	-4583.74777185
-77.146625	-21.241435	-3.652516	483.27595848	1.03241100975	-4634.87721498
-77.129936	-21.238625	-3.873184	485.317638902	3.14380996225	-4674.99039909
-77.113247	-21.235814	-3.953492	485.546667888	3.44948407123	-4682.79012615
-77.096558	-21.233003	-3.762445	484.746616507	2.73277344106	-4670.16398709
-77.07987	-21.230192	-3.240078	483.35065334	1.42677646332	-4638.8945522
-77.063181	-21.227382	-2.476586	482.906860968	1.07797507908	-4616.90471038
-77.046492	-21.224571	-1.528143	483.509647717	1.77950355418	-4611.6469802
-77.029803	-21.22176	-0.617732	485.450017612	3.81971152013	-4625.67115973
-77.013115	-21.218949	0.133302	488.809291942	7.27818355123	-4664.27275397
-76.996426	-21.216139	0.579155	490.309363745	8.8748943409	-4683.85980278
-76.979737	-21.213328	0.652612	489.935820157	8.59377653497	-4680.39845782
-76.963048	-21.210517	0.423506	488.867752033	7.61232467468	-4670.57955564
-76.94636	-21.207706	-0.042673	487.164845624	5.98941223522	-4656.40488736
-76.929671	-21.204896	-0.583350	486.196753399	5.0955319692	-4657.13617297
-76.912982	-21.202085	-1.075257	485.881567606	4.84922431027	-4670.72963782
-76.896293	-21.199274	-1.398464	486.001498657	5.03412477583	-4693.00801432
-76.879605	-21.196463	-1.493002	486.551778227	5.64667457721	-4722.87541789
-76.862916	-21.193653	-1.338498	487.762894695	6.91823063701	-4752.1404158
-76.846227	-21.190842	-0.939451	489.838555901	9.0534409256	-4781.10456745
-76.829538	-21.188031	-0.371263	491.569653859	10.8441657571	-4796.12090655
-76.81285	-21.185221	0.309938	492.523794491	11.8581307169	-4796.13520043
-76.796161	-21.18241	0.930588	492.266200803	11.6613802638	-4778.70329087
-76.779472	-21.179599	1.426414	491.02143219	10.478486437	-4742.78297619
-76.762783	-21.176788	1.651309	489.721072657	9.24289947466	-4702.91291749
-76.746095	-21.173978	1.567926	488.375409192	7.96428461139	-4659.81513141
-76.729406	-21.171167	1.233687	487.121033825	6.78350349664	-4633.38653267
-76.712717	-21.168356	0.681232	485.98968822	5.73222059741	-4628.1094737
-76.696028	-21.165545	0.101012	485.885603696	5.72015611845	-4646.42673631
-76.67934	-21.162735	-0.441290	487.095092939	7.03430673812	-4692.23422631
-76.662651	-21.159924	-0.835986	488.242498914	8.30351421872	-4743.30063448
-76.645962	-21.157113	-1.049863	489.17145809	9.37210829244	-4796.19745345
-76.629273	-21.154302	-1.136240	490.761140645	11.122092552	-4839.90958278
-76.612585	-21.151492	-1.136528	492.73855565	13.2814526577	-4866.79658489
-76.595896	-21.148681	-1.213014	493.01354834	13.7590362936	-4864.86052723
-76.579207	-21.14587	-1.451008	490.736645132	11.7061414486	-4826.80328273
-76.562519	-21.143059	-1.953916	487.239069215	8.45024955688	-4776.32805058
-76.54583	-21.140249	-2.789222	483.883441489	5.35420877431	-4728.70703114
-76.529141	-21.137438	-3.836733	482.341259151	4.08601332643	-4708.47310712
-76.512452	-21.134627	-5.086968	483.205024949	5.23910539707	-4727.61185156
-76.495764	-21.131817	-6.205274	484.508240342	6.84332854858	-4757.17377299
-76.479075	-21.129006	-7.101491	485.57080541	8.21947313503	-4786.49870066
-76.462386	-21.126195	-7.458732	484.641948562	7.61558597348	-4792.78991154
-76.445697	-21.123384	-7.129174	480.370762919	3.68268507548	-4759.80364494
-76.429009	-21.120574	-6.143539	478.118328739	1.77826886612	-4735.02262436
-76.41232	-21.117763	-4.418052	480.018815502	4.0380599483	-4733.86597979
-76.395631	-21.114952	-2.381168	483.487062892	7.86813398414	-4741.6506551
-76.378942	-21.112141	-0.099043	487.684107897	12.4292404282	-4755.56423841
-76.362254	-21.109331	1.937021	488.791534578	13.8866981073	-4733.42666608
-76.345565	-21.10652	3.551498	485.234346528	10.6629137731	-4658.88268806
-76.328876	-21.103709	4.562499	481.270360851	6.99311255053	-4566.59002565
-76.312187	-21.100898	4.823479	478.604680331	4.57626922734	-4468.01650395
-76.295499	-21.098088	4.538305	475.819592579	1.9730316814	-4367.92335412
-76.27881	-21.095277	3.691507	472.562831777	-1.17521289936	-4267.72289027
-76.262121	-21.092466	2.682669	468.117546809	-5.60134536553	-4170.37901114
-76.245432	-21.089656	1.618641	461.673059966	-12.1237969804	-4065.504309
-76.228744	-21.086845	0.758532	457.948315786	-16.0279290709	-4035.67720554
-76.212055	-21.084034	0.233489	457.677042952	-16.5856453522	-4127.69596699
-76.195366	-21.081223	0.006019	462.623089797	-12.0268494788	-4276.61009099
-76.178677	-21.078413	0.121114	476.719246455	1.5782676603	-4486.30731721
-76.161989	-21.075602	0.397590	486.613135348	10.8919607308	-4628.80614962
-76.1453	-21.072791	0.771719	486.916061946	10.5253422769	-4648.43230098
-76.128611	-21.06998	1.136413	484.922669628	7.79178722957	-4623.79677296
-76.111922	-21.06717	1.392671	481.217060384	3.27688407675	-4557.08288529
-76.095234	-21.064359	1.588087	479.640256473	0.842522138811	-4511.11912434
-76.078545	-21.061548	1.685571	481.083082388	1.38238283624	-4501.37823471
-76.061856	-21.058737	1.801143	483.689375783	3.06119384508	-4529.25649536
-76.045167	-21.055927	2.009149	488.034835744	6.4583538566	-4608.02003675
-76.028479	-21.053116	2.337937	492.148632004	9.62476607638	-4696.54696133
-76.01179	-21.050305	2.914510	496.216150413	12.7505324901	-4787.7911446
-75.995101	-21.047494	3.559339	500.151183645	15.7681007108	-4864.15259466
-75.978412	-21.044684	4.327221	502.655850499	17.3837318417	-4906.26418237
-75.961724	-21.041873	4.981374	504.528707143	18.4117641334	-4931.70369641
-75.945035	-21.039062	5.467895	506.518473235	19.6037436741	-4947.30130718
-75.928346	-21.036252	5.652549	508.186897119	20.5333492194	-4962.27110339
-75.911657	-21.033441	5.410566	509.673588284	21.3420121245	-4988.59012972
-75.894969	-21.03063	4.807122	510.531320763	21.5893519396	-5015.7816438
-75.87828	-21.027819	3.730288	510.685972188	21.2008531103	-5047.20238663
-75.861591	-21.025009	2.418547	510.396869497	20.4423675832	-5071.7725047
-75.844902	-21.022198	0.850662	509.429259251	19.0805172778	-5085.8927793
-75.828214	-21.019387	-0.712953	507.933343482	17.2699456059	-5088.56574922
-75.811525	-21.016576	-2.214054	505.786316514	14.8912959116	-5074.29089017
-75.794836	-21.013766	-3.481726	503.51429369	12.470688724	-5055.35522154
-75.778147	-21.010955	-4.425847	501.201321823	10.0970759887	-5029.55251468
-75.761459	-21.008144	-5.038580	499.775753632	8.69218354921	-5009.98775294
-75.74477	-21.005333	-5.250625	499.585591734	8.60989294449	-4998.49685859
-75.728081	-21.002523	-5.171744	499.854411902	9.05847990685	-4991.88877905
-75.711392	-20.999712	-4.760313	500.48703971	9.94696004307	-4990.57526939
-75.694704	-20.996901	-4.153845	500.76751188	10.5361005477	-4983.19999751
-75.678015	-20.99409	-3.323491	500.530633459	10.6621670454	-4966.66327924
-75.661326	-20.99128	-2.399723	500.031380778	10.5552148789	-4940.20669345
-75.644638	-20.988469	-1.355826	499.095023499	10.039473472	-4900.52275917
-75.627949	-20.985658	-0.372100	498.458801242	9.82813477537	-4868.313773
-75.61126	-20.982848	0.529423	498.144733556	9.93978354342	-4847.72748021
-75.594571	-20.980037	1.182021	497.995743225	10.1983213393	-4842.0146047
-75.577883	-20.977226	1.499686	498.480371887	11.0669941984	-4859.20947534
-75.561194	-20.974415	1.462445	499.14980511	12.0866264037	-4882.11168511
-75.544505	-20.971605	0.952804	500.099067017	13.3467313453	-4911.97859819
-75.527816	-20.968794	0.197286	500.510571266	14.0292027119	-4942.5279194
-75.511128	-20.965983	-0.879459	499.939918731	13.6854583687	-4973.35616712
-75.494439	-20.963172	-1.903138	499.422576746	13.3580435076	-5000.86735131
-75.47775	-20.960362	-2.840444	499.355159013	13.4408915669	-5024.7738758
-75.461061	-20.957551	-3.476531	499.363351485	13.5711835389	-5039.30689002
-75.444373	-20.95474	-3.697307	499.163104697	13.4638081238	-5040.54907006
-75.427684	-20.951929	-3.596986	498.609529963	12.9861919137	-5030.56245344
-75.410995	-20.949119	-3.091156	497.674013821	12.1099283008	-5006.22423989
-75.394306	-20.946308	-2.464298	497.068128442	11.5551680607	-4973.91857331
-75.377618	-20.943497	-1.723177	496.779294059	11.3096540879	-4933.7600887
-75.360929	-20.940687	-1.137286	496.217796553	10.7890590323	-4896.09171094
-75.34424	-20.937876	-0.775797	495.558024896	10.1682273061	-4864.35787046
-75.327551	-20.935065	-0.729791	495.088430743	9.73761946345	-4845.01338486
-75.310863	-20.932254	-1.071968	494.758324731	9.44646501323	-4840.16377872
-75.294174	-20.929444	-1.646969	494.757016473	9.48714766191	-4850.26059351
-75.277485	-20.926633	-2.468022	495.045175906	9.82055280342	-4875.66334213
-75.260796	-20.923822	-3.291540	495.536285122	10.363015673	-4907.75087426
-75.244108	-20.921011	-4.077707	496.178249488	11.0629530168	-4944.10424451
-75.227419	-20.918201	-4.633912	496.544744719	11.4979760335	-4973.83777812
-75.21073	-20.91539	-4.898900	496.886074883	11.9187846354	-4995.55668077
-75.194041	-20.912579	-4.900100	497.481277751	12.6082318105	-5009.7423436
-75.177353	-20.909768	-4.615320	498.124665879	13.3615202086	-5017.10909229
-75.160664	-20.906958	-4.286205	498.432269636	13.7969368479	-5016.55926952
-75.143975	-20.904147	-3.961562	498.317975487	13.8287193795	-5007.63258742
-75.127286	-20.901336	-3.794691	497.835259548	13.5121736138	-4994.94916022
-75.110598	-20.898525	-3.844953	496.954878994	12.8183552817	-4979.55246442
-75.093909	-20.895715	-4.000756	495.977355675	12.049659843	-4967.43888316
-75.07722	-20.892904	-4.272731	494.911223144	11.2152539764	-4958.78893461
-75.060531	-20.890093	-4.429106	494.328817696	10.8878909007	-4956.50699635
-75.043843	-20.887283	-4.427934	494.245532538	11.0834250114	-4960.75279488
-75.027154	-20.884472	-4.180221	494.857887378	11.9987709899	-4966.54411294
-75.010465	-20.881661	-3.630943	496.385852345	13.8544401903	-4973.48759834
-74.993776	-20.87885	-2.953049	496.717493463	14.5361145902	-4969.38959929
-74.977088	-20.87604	-2.127120	495.936438645	14.1277921533	-4953.25569366
-74.960399	-20.873229	-1.451916	495.297108834	13.8784420247	-4929.32660546
-74.94371	-20.870418	-0.958304	494.599962019	13.5878488977	-4896.259196
-74.927021	-20.867607	-0.754171	493.430191568	12.8334773033	-4866.91970776
-74.910333	-20.864797	-0.882412	491.665737433	11.4921538953	-4842.73430668
-74.893644	-20.861986	-1.147145	490.57837807	10.8262545358	-4827.35264066
-74.876955	-20.859175	-1.564842	490.364763465	11.030971833	-4823.34933665
-74.860266	-20.856364	-1.828219	490.075004464	11.1447083332	-4818.48832743
-74.843578	-20.853554	-1.931489	489.724462617	11.1809884387	-4813.03097641
-74.826889	-20.850743	-1.761340	489.176118314	10.9935250334	-4796.52428768
-74.8102	-20.847932	-1.308951	488.314723304	10.4653608355	-4767.41498948
-74.793511	-20.845121	-0.747510	487.307921182	9.75635290018	-4733.06783745
-74.776823	-20.842311	-0.073012	485.948185229	8.65789752457	-4692.84163517
-74.760134	-20.8395	0.423759	484.904103253	7.83543373318	-4661.4776208
-74.743445	-20.836689	0.735708	484.508282159	7.62098700172	-4639.74376237
-74.726757	-20.833879	0.748092	484.401019076	7.65567858112	-4632.96006374
-74.710068	-20.831068	0.455860	484.460895452	7.81788801812	-4640.56747534
-74.693379	-20.828257	0.018941	484.838552746	8.2638811195	-4658.86405134
-74.67669	-20.825446	-0.545797	485.426681756	8.88684085105	-4686.51648086
-74.660002	-20.822636	-1.021413	485.967860072	9.43756753944	-4717.96242454
-74.643313	-20.819825	-1.379984	486.700309217	10.1552447037	-4754.43242582
-74.626624	-20.817014	-1.547169	487.601221991	11.0258463097	-4776.01712427
-74.609935	-20.814203	-1.502780	488.525538383	11.9057637738	-4781.80294424
-74.593247	-20.811393	-1.291397	488.32078532	11.6498453513	-4772.9967277
-74.576558	-20.808582	-0.911943	486.849825317	10.1226848629	-4748.32269461
-74.559869	-20.805771	-0.448156	486.398946615	9.6150100651	-4730.78978442
-74.54318	-20.80296	0.093589	487.325201726	10.4854574546	-4721.25399108
-74.526492	-20.80015	0.639112	488.535701502	11.6446190847	-4725.67239704
-74.509803	-20.797339	1.200773	489.861967684	12.9253273879	-4744.71312738
-74.493114	-20.794528	1.702672	491.163046364	14.188644547	-4775.31269434
-74.476425	-20.791717	2.164096	492.564335364	15.5610726764	-4817.47506712
-74.459737	-20.788907	2.516546	494.120645873	17.0993659266	-4860.5009512
-74.443048	-20.786096	2.757510	495.613836248	18.5859249133	-4903.05612784
-74.426359	-20.783285	2.877329	497.532611481	20.511212	-4935.95601625
-74.40967	-20.780475	2.839809	499.502867991	22.5010081872	-4960.22419857
-74.392982	-20.777664	2.782289	499.122543944	22.1534717568	-4957.83268259
-74.376293	-20.774853	2.659004	498.192010567	21.2681971724	-4943.54808605
-74.359604	-20.772042	2.663705	498.175962982	21.3090568195	-4933.95122419
-74.342915	-20.769232	2.770270	498.068131808	21.2688899201	-4921.50669596
-74.326227	-20.766421	3.000233	498.153891944	21.4294906395	-4910.80312305
-74.309538	-20.76361	3.357491	497.385905515	20.7424552038	-4887.89307492
-74.292849	-20.760799	3.588865	495.651788098	19.0940668809	-4858.55976156
-74.27616	-20.757989	3.678578	493.42023826	16.9525704461	-4829.15347515
-74.259472	-20.755178	3.328877	492.146291793	15.7729546495	-4811.4022199
-74.242783	-20.752367	2.523403	492.386660694	16.1124170936	-4809.48170631
-74.226094	-20.749556	1.312139	492.4424506	16.2740795176	-4818.42705328
-74.209405	-20.746746	-0.303453	491.64981028	15.5956320596	-4836.86731321
-74.192717	-20.743935	-1.840176	489.611479598	13.6813762295	-4855.16214525
-74.176028	-20.741124	-3.261797	486.630151705	10.8357842769	-4872.568585
-74.159339	-20.738314	-3.987400	486.562935142	10.9154731847	-4894.88090829
-74.14265	-20.735503	-3.953718	489.812698065	14.3250631011	-4922.12884848
-74.125962	-20.732692	-3.098969	492.232522451	16.9132360373	-4933.14264899
-74.109273	-20.729881	-1.382758	493.374930328	18.2335207766	-4925.68452097
-74.092584	-20.727071	0.554977	493.592180589	18.6308700148	-4897.16668308
-74.075895	-20.72426	2.711806	493.125320376	18.3467097274	-4846.24680928
-74.059207	-20.721449	4.313755	493.189803922	18.5894282657	-4803.68548512
-74.042518	-20.718638	5.323933	493.390783705	18.9639381843	-4771.27931699
-74.025829	-20.715828	5.535072	492.991747866	18.72855649	-4757.55122561
-74.00914	-20.713017	4.919563	492.682410057	18.5723439458	-4765.16272284
-73.992452	-20.710206	3.943421	492.876341346	18.9076140427	-4784.34487141
-73.975763	-20.707395	2.601279	493.153029503	19.3127596907	-4816.8489525
-73.959074	-20.704585	1.493366	493.230504989	19.507841101	-4846.27543599
-73.942385	-20.701774	0.623067	493.284801909	19.6679753132	-4871.77586264
-73.925697	-20.698963	0.223754	493.450328663	19.9328191192	-4889.42696186
-73.909008	-20.696152	0.303769	493.674724802	20.2493348568	-4898.58971708
-73.892319	-20.693342	0.643277	494.163906999	20.8298504136	-4909.03435338
-73.87563	-20.690531	1.242981	494.884145845	21.6405190585	-4921.23729419
-73.858942	-20.68772	1.793098	495.856064071	22.7100653561	-4940.93546965
-73.842253	-20.68491	2.291149	497.185561584	24.1444454932	-4968.3283962
-73.825564	-20.682099	2.681585	498.73102976	25.8087668463	-4994.70935012
-73.808876	-20.679288	2.953413	500.395611686	27.6066443375	-5019.06760836
-73.792187	-20.676477	3.287594	501.245960509	28.6078572322	-5029.39285167
-73.775498	-20.673667	3.671489	501.001774045	28.5322669259	-5024.07209723
-73.758809	-20.670856	4.196091	500.190634343	27.9079393842	-5003.20876222
-73.742121	-20.668045	4.856219	499.084205988	27.0062047164	-4966.20197362
-73.725432	-20.665234	5.475684	498.765323428	26.9085802412	-4927.87390553
-73.708743	-20.662424	6.062338	499.130280353	27.5106246531	-4889.66946431
-73.692054	-20.659613	6.376659	497.917901687	26.549262643	-4864.72374072
-73.675366	-20.656802	6.421893	495.446752434	24.3420844251	-4855.50088719
-73.658677	-20.653991	6.204465	495.222707934	24.3962623016	-4862.8366582
-73.641988	-20.651181	5.719310	497.185455539	26.6508505356	-4888.29290863
-73.625299	-20.64837	5.260167	498.102472179	27.8757234349	-4919.33894575
-73.608611	-20.645559	4.815120	497.810390562	27.9071499203	-4954.3178655
-73.591922	-20.642748	4.675024	498.175558216	28.6134317278	-4974.49194951
-73.575233	-20.639938	4.833512	499.174356198	29.9708775175	-4976.1539585
-73.558544	-20.637127	5.188687	498.451690485	29.6242199067	-4955.07659986
-73.541856	-20.634316	5.746059	495.69608256	27.2619891573	-4909.6293525
-73.525167	-20.631506	6.127808	493.650025489	25.6230322214	-4862.69749414
-73.508478	-20.628695	6.349982	492.515860097	24.9093937341	-4815.74478643
-73.491789	-20.625884	6.248370	491.671934643	24.493550333	-4790.24008965
-73.475101	-20.623073	5.853393	491.319578677	24.5764736176	-4787.94439438
-73.458412	-20.620263	5.483304	492.207820483	25.8994380272	-4805.13670795
-73.441723	-20.617452	5.147000	494.155426014	28.2807768361	-4841.95401726
-73.425034	-20.614641	5.242662	495.214212055	29.7646681903	-4866.54707128
-73.408346	-20.61183	5.745549	495.562483145	30.5288811733	-4877.05666306
-73.391657	-20.60902	6.644462	495.656950273	31.0243433954	-4855.70493076
-73.374968	-20.606209	7.893362	495.335209415	31.0885784134	-4803.52848099
-73.358279	-20.603398	9.059053	493.571064996	29.6914480673	-4746.45720318
-73.341591	-20.600587	10.117928	490.498711671	26.9672137665	-4686.57681083
-73.324902	-20.597777	10.652425	489.599294094	26.3977647095	-4654.33976621
-73.308213	-20.594966	10.699992	490.851757279	27.9624684128	-4649.37916693
-73.291524	-20.592155	10.290141	491.368479684	28.7796457054	-4674.21098371
-73.274836	-20.589344	9.466812	490.954687843	28.6557726049	-4726.22122368
-73.258147	-20.586534	8.631837	492.140482596	30.1326232241	-4788.79082882
-73.241458	-20.583723	7.781982	495.208851357	33.4943123036	-4859.8045362
-73.224769	-20.580912	7.228237	497.05832537	35.6525350428	-4914.37214437
-73.208081	-20.578102	6.918712	497.156025913	36.0758635527	-4954.73892417
-73.191392	-20.575291	6.792496	497.068068221	36.3419760305	-4974.49969761
-73.174703	-20.57248	6.810720	497.518140318	37.1755141927	-4978.42346045
-73.158014	-20.569669	6.760388	497.402705244	37.4782184326	-4970.88148187
-73.141326	-20.566859	6.671323	496.610602799	37.1393536899	-4952.55302969
-73.124637	-20.564048	6.501070	495.122880906	36.1382039561	-4920.19161847
-73.107948	-20.561237	6.316976	492.700505898	34.2357648732	-4870.44515241
-73.091259	-20.558426	6.343462	489.765197884	31.8442557354	-4810.36212591
-73.074571	-20.555616	6.666931	486.558061969	29.2043207707	-4736.22687767
-73.057882	-20.552805	7.401840	485.123522713	28.3481716784	-4666.49300694
-73.041193	-20.549994	8.554541	485.100766098	28.9135626572	-4602.11956015
-73.024504	-20.547183	9.845158	484.473106473	28.8717926385	-4552.78223064
-73.007816	-20.544373	11.207846	483.466055346	28.4470625951	-4520.44789353
-72.991127	-20.541562	12.196959	483.751033187	29.3043955219	-4511.5883136
-72.974438	-20.538751	12.732356	485.126994571	31.2414255267	-4526.6499875
-72.957749	-20.535941	12.666194	485.917409829	32.5831738165	-4566.10707365
-72.941061	-20.53313	11.961113	486.334215813	33.5409912237	-4631.99239598
-72.924372	-20.530319	10.996801	487.650287462	35.3963929407	-4703.45224022
-72.907683	-20.527508	9.780445	490.01563113	38.2991436346	-4781.24964497
-72.890995	-20.524698	8.864170	491.105275054	39.93504754	-4833.68097179
-72.874306	-20.521887	8.263138	490.712496814	40.0982241682	-4858.74685116
-72.857617	-20.519076	8.156659	490.004369345	39.9666622903	-4858.07034561
-72.840928	-20.516265	8.547840	488.804407757	39.3645916573	-4829.71243334
-72.82424	-20.513455	9.091662	487.676235438	38.8616413182	-4797.53320337
-72.807551	-20.510644	9.796992	486.56731419	38.4064132046	-4760.43933864
-72.790862	-20.507833	10.152144	485.908627619	38.4295976115	-4734.55771603
-72.774173	-20.505022	10.197529	485.927845456	39.1599401867	-4720.59859081
-72.757485	-20.502212	9.816912	485.421941833	39.3929237713	-4719.15750888
-72.740796	-20.499401	9.066464	484.471829154	39.2106533489	-4731.01920362
-72.724107	-20.49659	8.289705	484.177254236	39.7106226786	-4745.75405198
-72.707418	-20.493779	7.512055	484.419351058	40.7750490471	-4763.62957373
-72.69073	-20.490969	7.110534	483.747586644	40.9553399741	-4772.05017188
-72.674041	-20.488158	7.045253	482.49015217	40.5813800138	-4769.67547036
-72.657352	-20.485347	7.309690	482.11705789	41.128311448	-4754.83149979
-72.640663	-20.482537	7.828796	481.87054473	41.8397916307	-4725.79270983
-72.623975	-20.479726	8.322453	480.291040672	41.2645964173	-4694.72502843
-72.607286	-20.476915	8.742594	477.713016907	39.7387187973	-4661.37111432
-72.590597	-20.474104	8.978225	476.788585935	39.9227166279	-4641.38377585
-72.573908	-20.471294	9.045752	477.547566714	41.8471512844	-4635.56028726
-72.55722	-20.468483	9.176309	477.89917158	43.4303025979	-4634.07054843
-72.540531	-20.465672	9.423115	477.764835984	44.59363374	-4636.55497254
-72.523842	-20.462861	10.039335	477.378846998	45.5786816477	-4628.53259134
-72.507153	-20.460051	11.066915	476.899476957	46.5427297827	-4609.86156992
-72.490465	-20.45724	12.356810	476.456195858	47.61880092	-4591.53207099
-72.473776	-20.454429	13.914699	475.964517568	48.7203290277	-4573.38884373
-72.457087	-20.451618	15.338080	475.277844678	49.6979911682	-4554.10619021
-72.440398	-20.448808	16.592303	474.705912138	50.8584361867	-4534.98218252
-72.42371	-20.445997	17.466491	474.125735332	52.0689404571	-4500.83697168
-72.407021	-20.443186	17.918192	473.093752949	52.8827947245	-4456.451818
-72.390332	-20.440375	18.172801	469.661168334	51.3340961774	-4394.84886745
-72.373643	-20.437565	18.211570	464.753047005	48.3453013017	-4321.15003844
-72.356955	-20.434754	18.557448	461.161202421	46.6861521273	-4239.1753065
-72.340266	-20.431943	19.215260	458.263504471	45.7334945893	-4148.45459144
-72.323577	-20.429133	20.513387	455.088271798	44.4929079953	-4063.20070639
-72.306888	-20.426322	22.467441	451.796917983	43.1259682948	-3978.86025008
-72.2902	-20.423511	24.944747	450.038332313	43.2596485762	-3911.51396141
-72.273511	-20.4207	27.978897	449.561321373	44.6438902349	-3855.97223105
-72.256822	-20.41789	31.153053	450.897173334	47.7909291884	-3832.16813968
-72.240133	-20.415079	34.504025	453.414010402	52.0701066399	-3829.91812237
-72.223445	-20.412268	37.753675	452.724327215	53.0766921737	-3775.66281405
-72.206756	-20.409457	40.911235	448.531549078	50.5147306583	-3666.36583048
-72.190067	-20.406647	43.953054	442.374471556	45.9074466875	-3490.68059729
-72.173378	-20.403836	46.836511	435.999416635	40.9999419857	-3267.95202111
-72.15669	-20.401025	49.527783	433.569602715	39.941147063	-3096.16639821
-72.140001	-20.398214	51.966678	434.237038167	41.8805258769	-2979.15011889
-72.123312	-20.395404	53.912536	433.327487576	42.1305206304	-2908.47294221
-72.106623	-20.392593	55.329982	431.439279452	41.2861118704	-2885.28387707
-72.089935	-20.389782	55.881375	432.085857838	42.8521948962	-2915.27214166
-72.073246	-20.386971	55.603893	434.60194821	46.1592182531	-2987.14119096
-72.056557	-20.384161	54.459184	435.572564458	47.7856676227	-3056.8394478
-72.039868	-20.38135	52.526656	435.106145739	47.8356792476	-3123.35053564
-72.02318	-20.378539	50.180733	433.276538048	46.380057796	-3158.64305172
-72.006491	-20.375729	47.477597	430.812942315	44.1435948577	-3176.93601742
-71.989802	-20.372918	44.871065	429.621371821	43.0286193232	-3212.19122393
-71.973114	-20.370107	42.367127	429.26662714	42.5954993155	-3256.33834893
-71.956425	-20.367296	40.196963	429.088017977	42.1769593362	-3302.87262387
-71.939736	-20.364486	38.305608	428.823905087	41.5076647162	-3344.40577152
-71.923047	-20.361675	36.610284	427.629731558	39.7328944572	-3359.17796706
-71.906359	-20.358864	35.040344	425.666922658	37.0114383777	-3349.30983207
-71.88967	-20.356053	33.392751	423.020593464	33.4137027351	-3312.971205
-71.872981	-20.353243	31.551306	419.689436636	28.9378965847	-3255.1054161
-71.856292	-20.350432	29.354691	416.446687976	24.3430056548	-3191.47784196
-71.839604	-20.347621	26.641826	413.125873454	19.4643657329	-3124.7612968
-71.822915	-20.34481	23.095951	409.570287317	14.1330726303	-3062.92611416
-71.806226	-20.342	18.611012	405.808790925	8.38230170063	-3005.21661572
-71.789537	-20.339189	12.606761	400.421986259	0.78563495447	-2946.19554191
-71.772849	-20.336378	5.184952	393.586350201	-8.47412803457	-2902.65412991
-71.75616	-20.333568	-4.042106	387.84368785	-16.8561828278	-2993.91490593
-71.739471	-20.330757	-14.774027	383.964011455	-23.5839728594	-3204.60727854
-71.722782	-20.327946	-26.670834	385.2344458	-25.3659863229	-3472.48947142
-71.706094	-20.325135	-39.380686	389.59751799	-24.2523832848	-3767.83598097
-71.689405	-20.322325	-51.773949	389.317595606	-27.9672460661	-3995.80440233
-71.672716	-20.319514	-63.704118	385.878715912	-35.0200944112	-4170.25092642
-71.656027	-20.316703	-74.158664	383.686879916	-40.9847812613	-4294.96277632
-71.639339	-20.313892	-83.307308	382.139636671	-46.4583716324	-4378.50749051
-71.62265	-20.311082	-91.245511	377.564607057	-55.0849866149	-4445.04819023
-71.605961	-20.308271	-98.292799	370.972604817	-65.8494300255	-4511.39018721
-71.589272	-20.30546	-105.652645	371.343139035	-69.7316692954	-4692.95943375
-71.572584	-20.302649	-113.470143	377.77235879	-67.6300290077	-4969.50210523
-71.555895	-20.299839	-122.855128	384.850134315	-64.8984008923	-5239.70872397
-71.539206	-20.297028	-133.654809	392.256411073	-61.8503709731	-5506.16151129
-71.522517	-20.294217	-145.676323	392.22680542	-66.1753384544	-5722.12458735
-71.505829	-20.291406	-158.651987	385.83021144	-76.7935272151	-5890.48035666
-71.48914	-20.288596	-171.122739	378.95870263	-87.7164077833	-6043.12844457
-71.472451	-20.285785	-183.024642	369.78337451	-100.758829887	-6179.7017223
-71.455762	-20.282974	-193.001564	366.678314529	-107.429780542	-6351.35783875
-71.439074	-20.280164	-201.270881	371.380841682	-105.975638619	-6560.59358191
-71.422385	-20.277353	-207.824913	372.455050788	-107.704411687	-6735.74648185
-71.405696	-20.274542	-212.920074	369.93779334	-112.563681173	-6878.86614181
-71.389007	-20.271731	-217.662252	362.608608981	-121.647568396	-7000.92557273
-71.372319	-20.268921	-222.070345	353.104229497	-132.308754301	-7102.0896978
-71.35563	-20.26611	-227.090386	369.589486586	-116.27611223	-7254.0566048
-71.338941	-20.263299	-232.465091	402.047085831	-83.5630523823	-7423.52768006
-71.322252	-20.260488	-237.926613	404.250378123	-80.3264151784	-7467.05462774
-71.305564	-20.257678	-243.183655	383.557222733	-99.2136651173	-7402.86763958
-71.288875	-20.254867	-246.921353	351.285809018	-128.888621419	-7220.17956692
-71.272186	-20.252056	-249.113816	314.811040207	-161.989018681	-6961.07531595
-71.255497	-20.249245	-248.827139	304.127800046	-168.555084944	-6764.94954161
-71.238809	-20.246435	-246.316580	311.141436357	-156.699647166	-6622.12692542
-71.22212	-20.243624	-241.997814	323.194808418	-139.161693259	-6549.11655558
-71.205431	-20.240813	-236.112563	339.894982709	-116.354138359	-6520.31020984
-71.188742	-20.238002	-229.853347	351.209539601	-98.4219752628	-6475.12159068
-71.172054	-20.235192	-223.193232	356.181520352	-86.3414120256	-6400.71935989
-71.155365	-20.232381	-216.747647	348.945833978	-86.1036257081	-6231.90074383
-71.138676	-20.22957	-210.307614	332.962070947	-94.2653675818	-5994.7115625
-71.121987	-20.22676	-203.433204	322.997141247	-96.1839705475	-5759.51785974
-71.105299	-20.223949	-196.078515	318.162933906	-92.7610089647	-5533.00705234
-71.08861	-20.221138	-187.714591	320.965756233	-81.6018302409	-5383.96496571
-71.071921	-20.218327	-178.581485	332.430843652	-61.6909505655	-5302.5731382
-71.055233	-20.215517	-169.074976	330.89277192	-54.7883455452	-5133.68704755
-71.038544	-20.212706	-159.477618	316.213384711	-61.0371112257	-4879.71478152
-71.021855	-20.209895	-150.851137	298.236077563	-70.6677265085	-4491.70699353
-71.005166	-20.207084	-143.246439	276.495567093	-84.1484377576	-3997.32530011
-70.988478	-20.204274	-137.373682	263.855475752	-88.6676377147	-3571.85588445
-70.971789	-20.201463	-132.982789	258.190394088	-86.350230301	-3212.97349878
-70.9551	-20.198652	-129.712887	253.540099815	-83.1885124463	-3020.75299211
-70.938411	-20.195841	-127.293033	250.585544705	-78.4999596986	-2953.46397332
-70.921723	-20.193031	-124.672678	247.776301013	-73.8475745451	-2927.94178733
-70.905034	-20.19022	-121.712755	245.286810689	-69.0545275688	-2929.54443903
-70.888345	-20.187409	-117.669897	243.462417471	-63.7767188231	-2887.18010078
-70.871656	-20.184598	-112.669583	242.413779575	-57.9018391445	-2826.87749179
-70.854968	-20.181788	-106.925545	241.401662736	-52.1627653015	-2775.02625491
-70.838279	-20.178977	-100.629515	240.422852462	-46.5611744794	-2721.66637355
-70.82159	-20.176166	-94.494789	238.916966262	-41.6498462327	-2633.9929527
-70.804901	-20.173356	-88.532128	237.138192784	-37.1744919717	-2521.87622316
-70.788213	-20.170545	-82.967996	235.357591527	-32.8577843864	-2389.59884787
-70.771524	-20.167734	-77.654318	233.291283515	-28.983305807	-2243.11846867
-70.754835	-20.164923	-72.022885	230.754387185	-25.7327119669	-2103.03427617
-70.738146	-20.162113	-66.078493	227.530543953	-23.3221669583	-1954.73007452
-70.721458	-20.159302	-59.409794	221.489777909	-23.8786885463	-1751.11759851
-70.704769	-20.156491	-52.265426	214.39271586	-25.6403769079	-1520.53631388
-70.68808	-20.15368	-45.392304	210.268766603	-24.5740194764	-1329.56951578
-70.671391	-20.15087	-39.057002	208.264123946	-21.5315926451	-1188.47941332
-70.654703	-20.148059	-34.704727	208.504568693	-16.379254459	-1157.98660184
-70.638014	-20.145248	-32.288222	209.522620845	-10.5813139764	-1191.64411411
-70.621325	-20.142437	-32.438830	208.493333573	-6.95055788951	-1202.61574824
-70.604636	-20.139627	-34.743771	205.839161342	-5.06068746479	-1199.08980053
-70.587948	-20.136816	-37.999526	201.380629893	-5.07357403317	-1177.73568513
-70.571259	-20.134005	-41.819893	196.032500886	-6.06997745189	-1151.35204465
-70.55457	-20.131195	-44.078003	191.36197438	-6.46250593869	-1137.86254083
-70.537881	-20.128384	-44.867108	187.595258958	-6.02102823518	-1131.77851707
-70.521193	-20.125573	-43.220107	187.105483419	-2.35118947356	-1122.94732987
-70.504504	-20.122762	-39.578371	189.316346919	3.97490397535	-1112.32357575
-70.487815	-20.119952	-35.016062	193.318310367	12.0684095077	-1097.11622445
-70.471126	-20.117141	-29.832480	198.237096582	21.0584356508	-1080.36431172
-70.454438	-20.11433	-25.786485	201.131403376	28.0225833255	-1072.45938709
-70.437749	-20.111519	-22.699076	202.760858054	33.7236739312	-1071.5751451
-70.42106	-20.108709	-21.039267	204.21818799	39.271079325	-1071.86388936
-70.404371	-20.105898	-20.352795	205.606032611	44.7696896077	-1072.12335373
-70.387683	-20.103087	-19.354136	205.952698628	49.2611988561	-1065.51266951
-70.370994	-20.100276	-17.820726	205.456156293	52.9452583099	-1048.91349672
-70.354305	-20.097466	-14.214711	204.895563822	56.6092780591	-999.37550773
-70.337616	-20.094655	-8.824082	204.310840243	60.2935008965	-914.255404882
-70.320928	-20.091844	-1.684240	205.137655267	65.4372838352	-803.032611107
-70.304239	-20.089033	6.764291	206.629149306	71.2938771858	-673.177833199
-70.28755	-20.086223	14.753251	208.241801967	77.3183701115	-569.135549629
-70.270861	-20.083412	22.217165	210.065198659	83.5988978155	-492.969900432
-70.254173	-20.080601	27.465846	208.384897124	86.4141685124	-395.966273739
-70.237484	-20.077791	30.956476	204.596467204	87.1587006695	-287.37174892
-70.220795	-20.07498	32.943722	200.706309905	87.8289961199	-193.013785874
-70.204106	-20.072169	33.949415	196.778302884	88.4867966058	-111.302172253
-70.187418	-20.069358	36.044824	197.486812375	93.7951134057	-94.9190947352
-70.170729	-20.066548	39.157073	200.342110662	101.260111855	-104.622017633
-70.15404	-20.063737	44.741372	200.619491719	106.140645573	-27.6696980737
-70.137352	-20.060926	52.393814	197.359413756	107.466483917	113.455639116
-70.120663	-20.058115	62.087191	178.040309647	92.6577770181	390.18232044
-70.103974	-20.055305	73.066014	154.188951307	73.2726269996	702.245601554
-70.087285	-20.052494	83.139551	160.289108245	83.8664416298	704.263953996
-70.070597	-20.049683	92.467232	179.167057826	107.220850935	572.542579663
-70.053908	-20.046872	99.628813	183.40099284	115.842507561	588.428094252
-70.037219	-20.044062	105.292809	181.784576312	118.544095293	661.069264403
-70.02053	-20.041251	110.096415	179.062683874	120.075594602	731.650100291
-70.003842	-20.03844	114.457395	174.878496501	120.080197571	804.963749064
-69.987153	-20.035629	120.161707	171.161092457	120.486948555	872.426876868
-69.970464	-20.032819	126.733183	167.14316086	120.525316861	942.590397442
-69.953775	-20.030008	134.855467	161.45438752	118.813434541	1039.80715564
-69.937087	-20.027197	143.416380	153.450009071	114.708079627	1162.69268499
-69.920398	-20.024387	150.704012	140.362990583	105.430434281	1338.19127099
-69.903709	-20.021576	155.957916	127.31027907	96.1338058253	1505.47032846
-69.88702	-20.018765	156.520208	125.235750392	97.8505335329	1519.98123091
-69.870332	-20.015954	152.813095	128.849660133	105.256020311	1447.9439304
-69.853643	-20.013144	143.825557	131.831661125	112.002399792	1355.74304125
-69.836954	-20.010333	130.905890	133.144681618	117.049549627	1252.90476856
-69.820265	-20.007522	115.862596	128.209424099	115.799562889	1190.31028461
-69.803577	-20.004711	99.858460	119.83402529	111.073470094	1150.50254133
-69.786888	-20.001901	86.066775	111.527999869	106.399047499	1124.15630329
-69.770199	-19.99909	74.546077	103.370399372	101.858161929	1110.68976915
-69.75351	-19.996279	67.164014	96.9768228987	99.08064112	1106.67934446
-69.736822	-19.993468	63.019825	92.0950049954	97.8173476622	1109.67275202
-69.720133	-19.990658	61.403095	89.2191977804	98.5783340213	1111.37133179
-69.703444	-19.987847	61.374285	87.5568869461	100.571867713	1113.26316634
-69.686755	-19.985036	60.703714	85.3027500105	102.001616464	1116.54170092
-69.670067	-19.982225	59.269413	82.3263985815	102.737741126	1121.71310483
-69.653378	-19.979415	55.629929	76.9321882437	101.087448999	1138.067932
-69.636689	-19.976604	50.486721	69.4590397766	97.3891690708	1166.25673733
-69.62	-19.973793	44.439265	60.7835790966	92.527681538	1199.71755705
-69.603312	-19.970983	38.267454	51.7395910489	87.3360601496	1237.23190234
-69.586623	-19.968172	33.836962	44.2275795805	83.7170583397	1277.76580657
-69.569934	-19.965361	31.290723	38.1389248127	81.5607608854	1321.01861693
-69.553245	-19.96255	32.028509	35.4762635833	82.8766743829	1355.82743749
-69.536557	-19.95974	35.516312	33.6275071648	85.0375446927	1400.72474504
-69.519868	-19.956929	41.510066	26.9412142782	82.3648195837	1494.1078765
-69.503179	-19.954118	49.239389	18.8072589214	78.2669737398	1600.88455718
-69.48649	-19.951307	57.159580	5.85808242002	69.3308230693	1760.9222295
-69.469802	-19.948497	64.802881	-10.7570526943	56.7116839041	1969.32034976
-69.453113	-19.945686	70.515376	-17.6461857949	53.9209739027	2067.85746608
-69.436424	-19.942875	74.352487	-19.1221416648	56.6174456124	2092.00167928
-69.419735	-19.940064	75.573728	-19.2936125776	60.6516456922	2099.26855677
-69.403047	-19.937254	74.657141	-18.9415315815	65.2274014541	2097.72814362
-69.386358	-19.934443	72.084810	-25.4126172506	62.9291770728	2152.77292119
-69.369669	-19.931632	68.471669	-35.0321410542	57.4619904046	2229.8660887
-69.35298	-19.928822	65.121907	-43.826176937	52.8225847248	2296.01084702
-69.336292	-19.926011	62.460331	-52.378403319	48.4116669758	2365.35179447
-69.319603	-19.9232	61.957328	-59.5054753917	45.4114704516	2434.49649698
-69.302914	-19.920389	63.510798	-65.6121410789	43.4119432358	2505.11138182
-69.286225	-19.917579	67.794354	-70.9494847564	42.144737203	2585.84102943
-69.269537	-19.914768	74.136756	-75.8846318392	41.2463798064	2671.69637733
-69.252848	-19.911957	81.863395	-81.7394688259	39.3763539796	2769.98507347
-69.236159	-19.909146	90.210673	-88.0872154166	36.9547857301	2883.29950804
-69.21947	-19.906336	97.528410	-93.4896668131	35.4449591812	2988.86076106
-69.202782	-19.903525	103.710879	-97.9618023524	34.8486523942	3075.01882436
-69.186093	-19.900714	107.440343	-102.248257346	34.4225327788	3139.31661621
-69.169404	-19.897903	109.554037	-106.74212192	33.7510313214	3193.77418283
-69.152716	-19.895093	110.341368	-112.485550595	31.7636911149	3250.82297003
-69.136027	-19.892282	111.171617	-118.0061188	29.9412084521	3304.53260177
-69.119338	-19.889471	114.073260	-121.490543112	30.1034692992	3346.34323543
-69.102649	-19.88666	119.547429	-124.510097369	30.6141997378	3408.18634281
-69.085961	-19.88385	129.300590	-128.800382053	29.6663422321	3520.5722628
-69.069272	-19.881039	142.095143	-134.209145917	27.4740211944	3649.68870064
-69.052583	-19.878228	157.176497	-140.416931667	24.3926963645	3770.78648955
-69.035894	-19.875418	172.309780	-145.291806553	22.6054926499	3861.02104441
-69.019206	-19.872607	184.247474	-144.736636059	26.3270339777	3863.87264309
-69.002517	-19.869796	191.713059	-142.905590538	31.2895730943	3834.02604624
-68.985828	-19.866985	191.513764	-146.968796118	30.0670596915	3891.11785007
-68.969139	-19.864175	184.656264	-154.928256728	24.7445822205	3994.41911308
-68.952451	-19.861364	170.846856	-164.508810212	17.7937924703	4052.43966551
-68.935762	-19.858553	152.832087	-174.20524872	10.7095261861	4071.91590458
-68.919073	-19.855742	133.837730	-181.300015266	6.17191393413	4072.26030787
-68.902384	-19.852932	116.040417	-185.235457306	4.74561225094	4051.18478276
-68.885696	-19.850121	103.484006	-187.319868551	5.03534338331	4047.9357754
-68.869007	-19.84731	96.069683	-189.32460045	5.24897526932	4071.57479198
-68.852318	-19.844499	95.375317	-192.210336259	4.48195460295	4096.92950399
-68.835629	-19.841689	99.460428	-197.505180184	1.14097844591	4151.39501002
-68.818941	-19.838878	106.612187	-206.659321782	-6.31123533549	4271.14534537
-68.802252	-19.836067	115.114711	-216.806188054	-14.9220074885	4418.36045928
-68.785563	-19.833256	122.183344	-224.055558763	-20.7645653325	4576.05107966
-68.768874	-19.830446	128.038197	-227.523922639	-22.8384558251	4693.60238349
-68.752186	-19.827635	131.783988	-224.646306317	-18.2502006617	4629.25476043
-68.735497	-19.824824	134.733332	-218.556941072	-10.355076376	4477.9890221
-68.718808	-19.822014	137.754758	-213.783958168	-4.0463710753	4395.30516546
-68.702119	-19.819203	141.371835	-211.647327838	-0.618247040614	4371.68096813
-68.685431	-19.816392	146.049024	-213.14124244	-0.976723302992	4370.65154054
-68.668742	-19.813581	150.480233	-216.413637687	-3.23095260356	4377.98800991
-68.652053	-19.810771	152.969289	-221.772623939	-7.80410013356	4449.84543847
-68.635364	-19.80796	151.645444	-226.533883543	-11.8814387281	4528.26811216
-68.618676	-19.805149	144.078065	-224.827467922	-9.24966277736	4460.79803547
-68.601987	-19.802338	130.087902	-219.211512082	-2.57678670614	4297.49575861
-68.585298	-19.799528	109.957885	-211.621330422	6.05826210099	4103.64576752
-68.568609	-19.796717	85.769464	-205.335081191	13.2972272529	3923.91457339
-68.551921	-19.793906	61.626768	-207.9385927	11.3954578113	3843.12327347
-68.535232	-19.791095	39.549401	-213.68584445	6.21907759315	3805.47204613
-68.518543	-19.788285	25.048560	-216.40233222	3.9976166095	3794.66041483
-68.501854	-19.785474	18.089256	-217.77115619	3.0551854677	3805.7486812
-68.485166	-19.782663	20.735194	-216.328101715	4.95574466161	3791.02644921
-68.468477	-19.779852	30.526742	-213.292630817	8.44026447615	3771.31574315
-68.451788	-19.777042	43.751814	-210.407344498	11.6945441522	3787.60377874
-68.435099	-19.774231	57.954436	-207.610421049	14.80722433	3825.10724373
-68.418411	-19.77142	66.790438	-205.54981338	17.1877266428	3853.35668056
-68.401722	-19.76861	70.623165	-203.943409853	19.1403187223	3858.86840087
-68.385033	-19.765799	66.399370	-202.487712683	21.048408464	3793.83873209
-68.368344	-19.762988	57.433533	-202.006058564	21.9988108212	3711.52743434
-68.351656	-19.760177	46.887220	-204.177269995	20.1835169964	3687.44298871
-68.334967	-19.757367	37.814002	-206.819643791	17.8432575175	3688.36610836
-68.318278	-19.754556	36.393213	-207.131015922	17.8184481979	3693.08247496
-68.301589	-19.751745	42.226235	-205.19599621	20.0344115104	3695.83225307
-68.284901	-19.748934	58.307978	-199.626906801	25.8956049666	3686.96629454
-68.268212	-19.746124	80.749105	-193.41830779	32.3769198313	3685.33681945
-68.251523	-19.743313	106.130728	-190.085538289	35.9548226233	3695.269231
-68.234835	-19.740502	130.493578	-191.834839598	34.3590847913	3758.18570716
-68.218146	-19.737691	146.924314	-206.838454864	19.217965549	4001.59691925
-68.201457	-19.734881	155.041230	-224.70548461	1.15147987404	4280.22778874
-68.184768	-19.73207	150.634589	-230.565173327	-4.62571695801	4376.65236715
-68.16808	-19.729259	137.302544	-229.618798462	-3.38466049259	4332.11062757
-68.151391	-19.726449	117.120509	-221.546087755	5.24343578398	4110.53967059
-68.134702	-19.723638	94.442109	-211.659948103	15.7159975386	3863.18691498
-68.118013	-19.720827	75.151341	-209.444001711	18.2541061043	3782.72875217
-68.101325	-19.718016	60.592286	-209.456018517	18.4698409971	3759.81644066
-68.084636	-19.715206	54.883361	-208.058464138	20.1099471426	3724.47872419
-68.067947	-19.712395	55.727789	-206.133895137	22.2624826138	3696.29664279
-68.051258	-19.709584	62.271429	-202.899025447	25.6979438553	3684.81917766
-68.03457	-19.706773	71.288079	-200.899370145	27.8635160245	3695.2259636
-68.017881	-19.703963	78.764266	-203.769606722	25.1319051384	3722.71197031
-68.001192	-19.701152	83.638715	-208.590553809	20.4121216004	3775.20250658
-67.984503	-19.698341	83.173265	-213.984016776	14.9940555134	3916.12882156
-67.967815	-19.69553	78.923511	-217.096786469	11.922346498	4010.2375779
-67.951126	-19.69272	71.712094	-213.438736889	15.9552294314	3868.77525578
-67.934437	-19.689909	63.552863	-208.689945065	21.1192774137	3699.18637449
-67.917748	-19.687098	57.822593	-206.843778368	23.1740854418	3676.97817914
-67.90106	-19.684287	54.977566	-205.734466061	24.4394907781	3693.80843505
-67.884371	-19.681477	57.672096	-204.077838676	26.2718267289	3700.41725979
-67.867682	-19.678666	64.460820	-202.568059573	27.945568738	3718.6238519
-67.850993	-19.675855	75.231867	-200.532574949	30.1461842554	3739.32635424
-67.834305	-19.673045	88.084689	-198.233168137	32.6178339365	3757.43269668
-67.817616	-19.670234	100.814963	-196.028134888	35.0259940813	3755.33844886
-67.800927	-19.667423	112.585384	-195.621226471	35.5891319315	3788.11153319
-67.784238	-19.664612	121.066327	-202.404592129	28.7491873629	3974.68974367
-67.76755	-19.661802	126.693259	-209.196698689	21.9315921453	4136.13845659
-67.750861	-19.658991	128.624464	-208.808643131	22.5910680559	4076.63163167
-67.734172	-19.65618	128.149162	-205.309059478	26.4399036181	3954.88196416
-67.717483	-19.653369	125.286931	-200.968409581	31.0607558701	3875.86151663
-67.700795	-19.650559	120.952673	-197.605220985	34.6558189647	3824.50977005
-67.684106	-19.647748	115.033590	-194.625397355	37.8425144585	3782.34257004
-67.667417	-19.644937	107.905417	-193.160780049	39.4993336872	3742.72053959
-67.650728	-19.642126	99.282374	-196.480238604	36.3390569631	3718.75709186
-67.63404	-19.639316	89.384932	-201.195097381	31.7600678093	3705.02803079
-67.617351	-19.636505	78.550932	-203.695697929	29.383575765	3693.74507769
-67.600662	-19.633694	67.018071	-205.529857082	27.6771349046	3675.9573638
-67.583973	-19.630883	56.270269	-209.268181346	24.0528023897	3667.64158963
-67.567285	-19.628073	46.318974	-213.604872349	19.8235284406	3665.00507538
-67.550596	-19.625262	38.735481	-217.783202872	15.7580344103	3661.99035948
-67.533907	-19.622451	32.973918	-221.80361025	11.8519982961	3662.59274363
-67.517218	-19.619641	30.192777	-224.296509558	9.48465540695	3661.9327779
-67.50053	-19.61683	29.963451	-225.708518853	8.20676425382	3662.36974297
-67.483841	-19.614019	32.545880	-225.511876235	8.5501654986	3662.52470145
-67.467152	-19.611208	37.770655	-224.440820234	9.77887722615	3662.90579146
-67.450463	-19.608398	44.922811	-223.313955217	11.0852945733	3654.95836731
-67.433775	-19.605587	53.746823	-223.287577643	11.2771158229	3666.26016397
-67.417086	-19.602776	62.779728	-226.648152353	8.00412117801	3746.51568297
-67.400397	-19.599965	71.386954	-231.351411024	3.35457157025	3859.85274014
-67.383708	-19.597155	77.929921	-236.302156909	-1.53826192955	3974.66804537
-67.36702	-19.594344	81.906712	-239.235391654	-4.33367028911	4030.90619281
-67.350331	-19.591533	82.073370	-238.26599309	-3.10691157559	3996.19345915
-67.333642	-19.588722	78.591278	-235.32951342	0.109531727618	3947.59006549
-67.316954	-19.585912	71.363636	-228.577776677	7.20687359352	3851.219011
-67.300265	-19.583101	61.743986	-222.368427889	13.782999328	3742.51599918
-67.283576	-19.58029	51.205165	-221.933617872	14.5009898993	3704.44276433
-67.266887	-19.57748	41.584081	-223.115573296	13.573830521	3693.84981781
-67.250199	-19.574669	35.189894	-224.033228541	12.8961557866	3700.3676141
-67.23351	-19.571858	32.783431	-224.136445156	13.0353670173	3710.6940371
-67.216821	-19.569047	35.850760	-221.65132586	15.8045371467	3694.60690325
-67.200132	-19.566237	43.173163	-218.882234744	18.859483881	3682.21419475
-67.183444	-19.563426	54.256155	-217.867952377	20.1343668319	3694.52541516
-67.166755	-19.560615	66.733829	-218.307627663	19.9096683178	3745.36059767
-67.150066	-19.557804	78.377420	-220.569021011	17.7814274863	3860.75535211
-67.133377	-19.554994	87.466156	-222.443764498	16.0871626068	3941.44245048
-67.116689	-19.552183	91.924931	-221.94682938	16.9067610069	3914.34828035
-67.1	-19.549372	91.999889	-220.641225069	18.5623228471	3866.84460385
-67.083311	-19.546561	87.393725	-219.258607665	20.2687174072	3839.15180645
-67.066622	-19.543751	79.799225	-219.085780055	20.758898437	3815.87787495
-67.049934	-19.54094	70.636128	-221.898961502	18.2410388381	3808.35712136
-67.033245	-19.538129	61.398420	-225.991419821	14.4294035051	3811.45361446
-67.016556	-19.535318	53.714981	-229.623197245	11.0962085128	3801.31727955
-66.999867	-19.532508	47.818734	-232.438389639	8.58841106478	3785.6325818
-66.983179	-19.529697	44.166722	-233.703580765	7.61908406933	3780.19277894
-66.96649	-19.526886	42.199741	-234.415454419	7.19831176108	3780.7661661
-66.949801	-19.524076	41.366217	-235.530526288	6.37723048293	3782.49367908
-66.933112	-19.521265	41.286443	-236.473311947	5.73070657701	3786.75236053
-66.916424	-19.518454	41.278146	-237.196395247	5.30258378738	3796.97854762
-66.899735	-19.515643	41.497127	-237.546541635	5.26060346946	3803.68801575
-66.883046	-19.512833	41.906217	-237.482015285	5.64881632742	3805.95419492
-66.866357	-19.510022	42.697648	-237.441027659	6.01848122008	3812.09896676
-66.849669	-19.507211	44.252019	-237.602451956	6.18361738561	3828.07206033
-66.83298	-19.5044	46.300835	-237.774706371	6.34295422333	3849.06664095
-66.816291	-19.50159	48.927720	-237.623193538	6.85170759896	3861.15782086
-66.799602	-19.498779	51.740775	-237.380674037	7.46207670075	3874.28793867
-66.782914	-19.495968	54.375620	-237.067576636	8.14306797978	3896.30829318
-66.766225	-19.493157	57.031613	-237.029419627	8.54511608052	3927.92565067
-66.749536	-19.490347	59.377117	-237.888361458	8.03992883347	3972.57885223
-66.732847	-19.487536	62.366916	-238.450094656	7.83985331035	4015.98826441
-66.716159	-19.484725	66.395014	-237.980499127	8.67772448435	4057.19086597
-66.69947	-19.481914	72.298798	-236.903231094	10.1328159305	4091.77592072
-66.682781	-19.479104	81.020084	-235.468614249	11.9461776324	4122.56157637
-66.666092	-19.476293	92.206476	-234.334168873	13.4178618923	4171.02037008
-66.649404	-19.473482	106.498803	-233.836442244	14.2065645002	4236.53473468
-66.632715	-19.470672	122.267346	-234.025506526	14.2688089959	4310.45696802
-66.616026	-19.467861	139.226779	-234.685332513	13.8221693777	4387.9295308
-66.599337	-19.46505	155.454219	-236.237272863	12.4339949437	4472.03417777
-66.582649	-19.462239	169.832881	-238.612004876	10.1909345134	4550.69507714
-66.56596	-19.459429	181.498560	-241.598819603	7.30609285393	4620.05618799
-66.549271	-19.456618	189.691429	-245.524126006	3.3703503296	4722.13990691
-66.532582	-19.453807	194.799292	-248.749663962	0.113510904247	4808.02189967
-66.515894	-19.450996	196.405597	-250.056067113	-1.10847067273	4804.1250518
-66.499205	-19.448186	195.336040	-251.076100818	-2.06376849658	4782.30049906
-66.482516	-19.445375	191.103139	-254.116942873	-5.17536619271	4803.11491283
-66.465827	-19.442564	184.543098	-257.632717118	-8.8305848504	4831.66183488
-66.449139	-19.439753	175.039959	-261.242184047	-12.7254817765	4907.10359031
-66.43245	-19.436943	163.833327	-263.603104067	-15.3757533661	4957.69683212
-66.415761	-19.434132	150.937885	-261.679509978	-13.4192951331	4816.83747848
-66.399073	-19.431321	138.190011	-258.611431948	-10.3161866014	4648.77543646
-66.382384	-19.42851	126.984987	-256.000835852	-7.92545962654	4585.70283652
-66.365695	-19.4257	118.439916	-253.708050173	-5.98586097805	4565.28194154
-66.349006	-19.422889	114.543337	-253.005731037	-5.7820925727	4593.74735436
-66.332318	-19.420078	114.137478	-252.728624418	-6.0248828594	4607.92036966
-66.315629	-19.417268	118.314220	-251.819485303	-5.58176462769	4569.49146686
-66.29894	-19.414457	123.723893	-251.466014139	-5.79728796617	4559.17604524
-66.282251	-19.411646	129.278215	-252.105029533	-7.1523840743	4600.00618056
-66.265563	-19.408835	131.875617	-251.741349719	-7.48362081283	4605.92050987
-66.248874	-19.406025	128.817633	-249.525849377	-5.86236051088	4535.73694268
-66.232185	-19.403214	120.282438	-246.986329916	-3.90536476444	4437.25128847
-66.215496	-19.400403	104.307328	-244.555368268	-2.06019308316	4318.25064935
-66.198808	-19.397592	84.887867	-244.051735265	-2.23004545296	4227.99491285
-66.182119	-19.394782	62.900472	-247.843855066	-6.90377563954	4234.04134785
-66.16543	-19.391971	42.913929	-251.754679031	-11.7003371472	4228.11483177
-66.148741	-19.38916	28.005309	-253.196471004	-13.8678663551	4122.5075723
-66.132053	-19.386349	19.093111	-252.898605741	-14.3341936756	4028.63958108
-66.115364	-19.383539	18.832444	-250.333716844	-12.664388819	3999.57276469
-66.098675	-19.380728	23.464182	-245.488037959	-8.71801084026	3964.66703326
-66.081986	-19.377917	32.864705	-237.320275295	-1.43125558387	3912.49428162
-66.065298	-19.375107	42.104645	-228.979313028	6.01717614619	3857.66063159
-66.048609	-19.372296	48.565523	-223.038396541	11.0903188808	3778.40469486
-66.03192	-19.369485	50.934752	-221.799411021	11.3176566322	3769.28655724
-66.015231	-19.366674	46.713828	-229.152996427	2.58782896064	3955.70265698
-65.998543	-19.363864	39.692702	-236.108082603	-5.72423693188	4115.12446987
-65.981854	-19.361053	30.016147	-236.17878364	-6.83387909592	4074.40897293
-65.965165	-19.358242	22.425001	-232.94044425	-4.55245395385	3967.48489369
-65.948476	-19.355431	18.598842	-226.991894302	0.439062349654	3838.90236956
-65.931788	-19.352621	19.390399	-221.587327793	4.78637508604	3749.72767966
-65.915099	-19.34981	25.807930	-218.929266881	6.21108302891	3743.43054509
-65.89841	-19.346999	34.129444	-216.234815716	7.63277666152	3743.37478046
-65.881721	-19.344188	43.235042	-213.820659025	8.72716624294	3755.9506288
-65.865033	-19.341378	49.151883	-211.45887021	9.7612153588	3760.20568337
-65.848344	-19.338567	49.771225	-205.861865335	14.2007360508	3647.55416433
-65.831655	-19.335756	45.618061	-200.24970614	18.6814269678	3510.34701
-65.814966	-19.332945	36.121706	-197.855418322	19.7769257477	3469.74043442
-65.798278	-19.330135	26.598906	-196.389700567	19.9170827917	3440.85071345
-65.781589	-19.327324	19.121735	-195.255872246	19.807861941	3356.6759788
-65.7649	-19.324513	18.097086	-195.483391448	18.2115625554	3349.79921093
-65.748211	-19.321703	26.521789	-198.624823427	13.3960410916	3537.30005355
-65.731523	-19.318892	43.402847	-200.313436943	10.0322760512	3719.5277649
-65.714834	-19.316081	69.877009	-196.98710344	11.9048325952	3752.5953386
-65.698145	-19.31327	99.603077	-192.001189557	15.4221588724	3783.23604751
-65.681456	-19.31046	130.642152	-186.355562831	19.4799141373	3877.0901091
-65.664768	-19.307649	156.626121	-180.275419271	23.9673548127	3956.85778307
-65.648079	-19.304838	174.390122	-174.212587612	28.3950289678	4044.9155407
-65.63139	-19.302027	182.774099	-169.850112987	31.1008819226	4124.60734629
-65.614701	-19.299217	180.301610	-168.075848269	31.3086943031	4122.60194923
-65.598013	-19.296406	170.901320	-164.223321262	33.7065912074	4021.58331844
-65.581324	-19.293595	155.801758	-156.061875886	40.4780121923	3850.59867097
-65.564635	-19.290784	139.956271	-147.991715231	47.0869739421	3700.23976905
-65.547946	-19.287974	125.896261	-141.034489245	52.5459673761	3545.01421207
-65.531258	-19.285163	115.013937	-137.354912462	54.6205736616	3441.00524634
-65.514569	-19.282352	108.408234	-141.145574455	48.9891955101	3480.6987499
-65.49788	-19.279541	103.852186	-144.759909339	43.4886843128	3538.62828221
-65.481192	-19.276731	100.162600	-143.205744413	43.1998642653	3558.27319556
-65.464503	-19.27392	95.172256	-134.666822762	50.0445329776	3454.59433968
-65.447814	-19.271109	87.024505	-113.522058716	69.7730265198	3123.63497505
-65.431125	-19.268299	76.595987	-96.907290969	84.8686010035	2869.45771667
-65.414437	-19.265488	63.460122	-97.717207728	82.1998361841	2881.49940039
-65.397748	-19.262677	50.786663	-99.484439499	78.6193529489	2857.75880377
-65.381059	-19.259866	39.841110	-97.5321555305	78.9413539333	2691.49875846
-65.36437	-19.257056	32.767353	-97.3986787931	77.3874478443	2587.00375659
-65.347682	-19.254245	31.229385	-97.3917123791	75.647201787	2547.32298724
-65.330993	-19.251434	34.747640	-96.0633794438	75.1961779303	2557.79248246
-65.314304	-19.248623	43.946736	-91.3442275689	78.058239523	2662.81931234
-65.297615	-19.245813	56.772669	-84.5905338195	83.018468646	2734.16762662
-65.280927	-19.243002	72.722924	-77.5917597041	88.3541263087	2711.66674804
-65.264238	-19.240191	90.133679	-74.9763821876	89.2599261521	2757.0580127
-65.247549	-19.23738	108.349567	-80.5495108191	81.8582558681	2938.58997042
-65.23086	-19.23457	126.418468	-81.8823925355	78.8030253587	3041.84457691
-65.214172	-19.231759	144.110555	-72.5187591078	86.6542683668	2968.47309115
-65.197483	-19.228948	159.994798	-65.6891232138	91.9233511705	2957.30218162
-65.180794	-19.226137	173.833785	-67.6646978465	88.193718432	3143.71375274
-65.164105	-19.223327	183.574797	-69.9202643646	84.2643270397	3268.25638002
-65.147417	-19.220516	188.395758	-68.6285790795	84.0935468307	3206.65047777
-65.130728	-19.217705	187.540634	-65.190828386	86.106203768	3120.31283847
-65.114039	-19.214895	179.948264	-59.3305360057	90.5370058992	3047.80616808
-65.09735	-19.212084	168.267264	-54.6186745363	93.8377086357	2967.62076384
-65.080662	-19.209273	152.424544	-51.9886937192	95.0783248961	2876.8892415
-65.063973	-19.206462	137.631016	-52.9368718192	92.7122173974	2820.34114601
-65.047284	-19.203652	125.392408	-60.1373899568	84.0151624318	2843.98304556
-65.030595	-19.200841	119.455736	-66.5334541134	76.0679829163	2922.70975285
-65.013907	-19.19803	121.845748	-69.9277485628	71.0670655481	3056.21272742
-64.997218	-19.195219	131.340427	-69.1252057583	70.34287449	3118.7778685
-64.980529	-19.192409	148.553303	-60.3724448204	77.7674548442	3003.23300922
-64.96384	-19.189598	167.904728	-56.0615186619	80.6267242001	2991.28337284
-64.947152	-19.186787	187.776433	-62.2613205096	72.6814309482	3232.92467751
-64.930463	-19.183976	203.008212	-65.9200377282	67.3368599836	3409.82248188
-64.913774	-19.181166	211.094683	-62.1702634457	69.6215350546	3377.24658913
-64.897085	-19.178355	211.573060	-57.5792955216	72.7894617862	3290.37112168
-64.880397	-19.175544	203.247477	-56.6974158503	72.1841859827	3241.35316489
-64.863708	-19.172734	190.112899	-57.7744770541	69.5560111336	3225.60108932
-64.847019	-19.169923	173.200881	-58.0363566883	67.7139362994	3211.53440285
-64.83033	-19.167112	156.824265	-55.8457485082	68.3541615381	3147.13876371
-64.813642	-19.164301	143.031571	-49.2819367467	73.416471374	3014.98368187
-64.796953	-19.161491	132.745754	-46.5481571368	74.5888536361	2909.51684638
-64.780264	-19.15868	127.469443	-53.9381668985	65.5137485795	2887.13467679
-64.763575	-19.155869	125.198161	-60.1026734754	57.6215471427	2878.34392192
-64.746887	-19.153058	125.920278	-59.3717729526	56.6380776893	2834.887772
-64.730198	-19.150248	127.221262	-52.917830259	61.384513176	2761.03878007
-64.713509	-19.147437	128.098732	-37.8172087967	74.8035894581	2637.94508933
-64.69682	-19.144626	127.668707	-28.3014577341	82.5749670319	2552.14643838
-64.680132	-19.141815	124.921448	-34.3459496681	74.6236808978	2599.17276802
-64.663443	-19.139005	120.212360	-40.8042630295	66.2422591911	2643.98779655
-64.646754	-19.136194	112.934049	-39.00209467	66.2378259181	2560.83200776
-64.630065	-19.133383	103.714069	-34.6976614521	68.7590352701	2439.12679118
-64.613377	-19.130572	92.235852	-31.2003183905	70.4192870888	2352.74110738
-64.596688	-19.127762	79.551654	-32.1577207881	67.5628900962	2317.53158187
-64.579999	-19.124951	65.567840	-42.168986626	55.5478703618	2382.69851844
-64.563311	-19.12214	52.666655	-48.8172935568	46.9467532647	2385.94972406
-64.546622	-19.11933	41.743414	-44.2635206217	49.7225696134	2196.25397306
-64.529933	-19.116519	35.773223	-37.5248768367	54.6533960723	2031.55519497
-64.513244	-19.113708	36.723221	-31.3018906328	58.9468820256	1991.46813411
-64.496556	-19.110897	45.030961	-25.7343502834	62.5176168826	2019.14740052
-64.479867	-19.108087	62.478288	-20.0858899071	66.1239119091	2091.53200175
-64.463178	-19.105276	84.718661	-17.1171484319	66.9970722802	2216.96893803
-64.446489	-19.102465	111.629682	-18.7123499554	63.2358079236	2416.221773
-64.429801	-19.099654	136.258967	-21.0846854795	58.7189880118	2576.05333067
-64.413112	-19.096844	156.269314	-26.8114200228	50.8577476073	2711.32430558
-64.396423	-19.094033	167.863326	-27.4318318313	48.1436622642	2773.65821864
-64.379734	-19.091222	168.180452	-14.2953497222	59.3355497338	2626.79031404
-64.363046	-19.088411	160.134551	-3.19972552486	68.488863145	2445.97853544
-64.346357	-19.085601	142.517160	-0.568435173387	69.0917347112	2336.99329112
-64.329668	-19.08279	122.489312	-3.8834442295	63.6813185994	2284.98083742
-64.312979	-19.079979	101.198538	-13.4083795975	52.0041343964	2278.25213644
-64.296291	-19.077168	83.562462	-19.6960432824	43.5673198785	2239.71054857
-64.279602	-19.074358	71.618891	-20.404352202	40.7300839766	2145.30841217
-64.262913	-19.071547	64.033753	-14.5835353538	44.4414676022	1990.67703201
-64.246224	-19.068736	61.709440	-1.60364559479	55.3244439566	1780.95316666
-64.229536	-19.065926	59.593333	6.54792932193	61.3134724454	1668.74881754
-64.212847	-19.063115	56.962755	9.90341265953	62.4306018478	1672.66491431
-64.196158	-19.060304	51.008239	4.38088949949	54.6530430953	1718.56696575
-64.179469	-19.057493	40.752052	-20.0429136159	27.923759865	1895.72009133
-64.162781	-19.054683	28.732858	-34.5994533983	11.1256059669	1936.05935234
-64.146092	-19.051872	15.436422	-19.939222328	23.7036861661	1619.35881857
-64.129403	-19.049061	5.279639	-4.72209518042	36.8267547593	1346.64750379
-64.112714	-19.04625	-0.165754	-6.60943882004	32.7456537667	1331.54759621
-64.096026	-19.04344	-0.355058	-1.83066581142	35.3417897051	1298.8412504
-64.079337	-19.040629	5.509928	22.2869238033	57.3326586369	1121.98279622
-64.062648	-19.037818	12.971072	32.0074115381	64.9035396949	1088.25842303
-64.045959	-19.035007	20.966149	11.4932205812	42.1815614044	1328.2170296
-64.029271	-19.032197	24.946179	-12.6281275155	15.8688158112	1589.79609187
-64.012582	-19.029386	22.895406	-28.2464258659	-1.89611907954	1784.36786662
-63.995893	-19.026575	15.450163	-27.0837483976	-2.82528083971	1737.68912909
-63.979204	-19.023764	2.005080	-5.72658027665	16.5021927028	1364.76322562
-63.962516	-19.020954	-12.075495	12.0228896148	32.217146315	1053.87492095
-63.945827	-19.018143	-25.329046	13.331800085	31.4557651252	989.178079075
-63.929138	-19.015332	-33.635126	13.9060064811	29.9612902095	957.685445237
-63.912449	-19.012522	-34.996548	27.9144771935	41.9222224407	772.034401953
-63.895761	-19.009711	-31.229209	30.6527068794	42.6199888443	746.498166576
-63.879072	-19.0069	-22.023910	1.8831072789	11.8039438079	1149.96504336
-63.862383	-19.004089	-13.138900	-17.731321604	-9.84155729788	1423.99683543
-63.845694	-19.001279	-6.382535	-5.04915138277	0.83302750935	1244.93808243
-63.829006	-18.998468	-4.900060	5.68871195902	9.57547908159	1076.69696398
-63.812317	-18.995657	-10.586050	3.54376779426	5.44459963926	1081.37347329
-63.795628	-18.992846	-20.417571	5.74666920897	5.66655271843	1014.14255298
-63.778939	-18.990036	-34.713688	15.1140019031	13.0523529935	825.69970926
-63.762251	-18.987225	-47.624185	18.7954221868	14.7738612196	703.644705409
-63.745562	-18.984414	-57.521894	12.5192759205	6.56350210056	696.801371369
-63.728873	-18.981603	-62.073657	10.0668119172	2.193804868	684.610487571
-63.712184	-18.978793	-59.527961	14.9180655609	5.144006454	651.070635834
-63.695496	-18.975982	-53.451876	13.9746693125	2.33954103327	701.240707388
-63.678807	-18.973171	-43.783974	2.03385309208	-11.4120562777	878.848931538
-63.662118	-18.970361	-35.856505	-3.05014842325	-18.3026115501	964.811686231
-63.64543	-18.96755	-31.177839	8.30206567217	-8.77706834162	844.831467932
-63.628741	-18.964739	-31.013588	20.3468132322	1.46044261192	714.839157865
-63.612052	-18.961928	-36.643476	26.6241539076	5.96676811845	654.2447476
-63.595363	-18.959118	-44.302222	27.8813513061	5.48034966476	614.949820883
-63.578675	-18.956307	-53.772468	23.7697787606	-0.350089567865	583.687025662
-63.561986	-18.953496	-60.962794	18.9687464938	-6.84515244076	566.095628939
-63.545297	-18.950685	-64.590610	16.0669179016	-11.4201129046	548.689337527
-63.528608	-18.947875	-64.921858	11.963724154	-17.1682415001	556.74073246
-63.51192	-18.945064	-61.141513	4.26254612121	-26.4801913612	608.363968214
-63.495231	-18.942253	-57.266888	2.98424838531	-29.3577398115	637.02491673
-63.478542	-18.939442	-53.766243	11.9464223616	-21.9868462327	630.41777413
-63.461853	-18.936632	-53.518037	20.1266940313	-15.3913554385	590.503064568
-63.445165	-18.933821	-57.566767	24.1413241985	-12.9515906365	527.74798365
-63.428476	-18.93101	-64.311679	22.8584077213	-15.7837488259	489.350909209
-63.411787	-18.928199	-74.126144	15.7114041325	-24.4539696682	475.785367992
-63.395098	-18.925389	-82.823622	8.91585294991	-32.7535156904	463.571176472
-63.37841	-18.922578	-89.683213	3.38563772803	-39.7677951668	453.005880833
-63.361721	-18.919767	-92.699422	1.11099186582	-43.504644242	445.463948308
-63.345032	-18.916957	-90.977956	2.8588342402	-43.1968444553	439.801249421
-63.328343	-18.914146	-86.735578	6.43522133194	-41.0363015136	438.221830264
-63.311655	-18.911335	-79.910050	11.8508458989	-37.0110798568	442.363630496
-63.294966	-18.908524	-74.134532	16.7897962824	-33.4394076312	443.764543479
-63.278277	-18.905714	-70.149558	20.9046211533	-30.6692009628	439.112509106
-63.261588	-18.902903	-68.867544	22.5439935626	-30.3480238337	436.896344161
-63.2449	-18.900092	-70.908524	20.9575281658	-33.2251416918	438.989336146
-63.228211	-18.897281	-73.795403	18.5233901916	-36.9240250096	439.470189353
-63.211522	-18.894471	-77.356471	15.3731323616	-41.3125649475	438.01225796
-63.194833	-18.89166	-78.980184	14.6389664547	-43.2604729533	431.503275082
-63.178145	-18.888849	-77.989354	16.9768388463	-42.1115182035	419.663378304
-63.161456	-18.886038	-74.771754	20.4738661547	-39.7737154022	413.653413495
-63.144767	-18.883228	-68.979536	25.4176005397	-35.9592086763	413.393976775
-63.128078	-18.880417	-63.392284	30.4105115265	-32.0689980328	412.74912764
-63.11139	-18.877606	-58.349374	35.2223549375	-28.3329539534	411.797305989
-63.094701	-18.874795	-55.655820	38.0427457514	-26.5628104917	409.392190119
-63.078012	-18.871985	-55.872595	38.1700009447	-27.4600038385	405.780216407
-63.061323	-18.869174	-57.805583	36.8277260703	-29.8002737883	402.805511792
-63.044635	-18.866363	-61.577317	34.0431311556	-33.5557761352	400.99356706
-63.027946	-18.863553	-64.569906	31.6688666643	-36.8758099653	399.270197584
-63.011257	-18.860742	-66.381899	29.95867432	-39.506942571	396.965572045
-62.994568	-18.857931	-66.050397	30.4200868662	-39.9414919317	394.882904218
-62.97788	-18.85512	-63.199196	33.5355526606	-37.6967809607	393.334504612
-62.961191	-18.85231	-59.477266	37.3177037973	-34.7619919834	391.190951064
-62.944502	-18.849499	-54.989750	41.4482410423	-31.4554250748	388.148033407
-62.927813	-18.846688	-51.844843	44.354620841	-29.3503092494	385.78608577
-62.911125	-18.843877	-50.458124	45.7437440751	-28.7396662269	384.628231977
-62.894436	-18.841067	-50.900494	45.651533371	-29.5889578398	383.038683289
-62.877747	-18.838256	-53.372031	43.9207983685	-32.0553587295	380.587365085
-62.861058	-18.835445	-55.988853	41.8601257974	-34.8314387509	378.493927099
-62.84437	-18.832634	-58.507003	39.6499397535	-37.7368948126	377.034928177
-62.827681	-18.829824	-59.437152	39.0550948129	-39.0075032291	375.451309622
-62.810992	-18.827013	-58.390477	40.5208208597	-38.1980299727	373.405007029
-62.794303	-18.824202	-55.909807	43.2229986632	-36.1341067233	371.093995668
-62.777615	-18.821391	-51.900835	47.0979194184	-32.8795147124	368.874119761
-62.760926	-18.818581	-48.117363	50.7118869997	-29.8685121621	367.392448991
-62.744237	-18.81577	-44.835439	53.9352394858	-27.2307765107	366.345178857
-62.727549	-18.812959	-42.863301	55.827055395	-25.9085761362	365.260883027
-62.71086	-18.810149	-42.488014	56.1855268829	-26.1039099659	364.424913221
-62.694171	-18.807338	-42.757075	56.3000781695	-26.528736494	363.114443984
-62.677482	-18.804527	-43.645917	56.2726642421	-27.081485614	360.697458144
-62.660794	-18.801716	-43.789734	56.7828894921	-27.0821183972	358.434809592
-62.644105	-18.798906	-42.932278	57.9262991026	-26.4349089066	356.845334699
-62.627416	-18.796095	-40.999271	59.8435259833	-25.0005878797	355.279580878
-62.610727	-18.793284	-37.832353	62.6207492994	-22.6930646035	353.689265359
-62.594039	-18.790473	-34.633621	65.7742750893	-19.9970929073	352.226332177
-62.57735	-18.787663	-31.515506	69.3243110803	-16.8926210363	351.008804018
-62.560661	-18.784852	-29.409640	71.6612751683	-14.9896769194	349.435710727
-62.543972	-18.782041	-28.538549	72.3815700707	-14.6919934812	347.180276818
-62.527284	-18.77923	-28.462100	72.4681482732	-15.0172295196	345.340114207
-62.510595	-18.77642	-29.247323	72.0980164009	-15.7884321212	344.013222488
-62.493906	-18.773609	-29.713190	72.0367397895	-16.2404042919	342.681455679
-62.477217	-18.770798	-29.727004	72.3406286502	-16.3167703977	341.526916924
-62.460529	-18.767988	-28.826566	73.4233898842	-15.6049199899	340.768963725
-62.44384	-18.765177	-26.872605	75.3217655669	-14.0684019127	340.454001292
-62.427151	-18.762366	-24.584995	77.5152451423	-12.2276731578	339.649197904
-62.410462	-18.759555	-21.986871	80.0678095393	-10.0187580254	338.159569207
-62.393774	-18.756745	-19.966553	82.2388330844	-8.18316811158	336.493228348
-62.377085	-18.753934	-18.641812	83.852413417	-6.89695652887	334.453253326
-62.360396	-18.751123	-17.941364	84.6976132149	-6.3712800145	332.872332313
-62.343707	-18.748312	-17.900365	84.7258886393	-6.65475250491	332.240616927
-62.327019	-18.745502	-17.638028	85.0051057374	-6.67990129686	331.691111023
-62.31033	-18.742691	-17.057019	85.8217082107	-6.16036065199	330.809592245
-62.293641	-18.73988	-15.630179	87.527920328	-4.74449896218	329.764146092
-62.276952	-18.737069	-13.259882	90.0921250013	-2.46402245901	328.366207306
-62.260264	-18.734259	-10.448927	92.8348630209	0.00194301906746	328.509336271
-62.243575	-18.731448	-7.230130	95.6769990162	2.57440784186	330.999903481
-62.226886	-18.728637	-4.514791	98.1463512634	4.7792057612	331.913910199
-62.210197	-18.725826	-2.439041	100.143064202	6.51620442934	330.757969027
-62.193509	-18.723016	-1.247221	101.504866166	7.62390926893	329.53238435
-62.17682	-18.720205	-1.018473	102.195230342	8.06582186154	327.997286186
-62.160131	-18.717394	-1.089364	102.360525181	7.98736466038	326.311084379
-62.143442	-18.714584	-1.392245	101.970730175	7.35846256362	324.901088134
-62.126754	-18.711773	-1.203246	102.214422632	7.367807375	323.77630749
-62.110065	-18.708962	-0.395570	103.374266903	8.29781520203	322.651017959
-62.093376	-18.706151	0.959723	104.813727616	9.51190364984	322.300709985
-62.076687	-18.703341	2.897875	106.43296181	10.9103748519	322.995097725
-62.059999	-18.70053	4.703655	108.127097311	12.387807668	322.796850171
-62.04331	-18.697719	6.293127	109.886499039	13.9345630594	321.32365438
-62.026621	-18.694908	7.188599	110.938789823	14.7777871909	320.380057484
-62.009932	-18.692098	7.293263	111.154704737	14.7881435482	320.406327563
-61.993244	-18.689287	6.871571	110.941151251	14.3725262013	319.849836743
-61.976555	-18.686476	5.929428	110.270226861	13.5029440051	318.379030239
-61.959866	-18.683665	5.081109	109.562172197	12.5996299455	317.381936587
-61.943177	-18.680855	4.425956	108.945061038	11.7906803174	317.183304462
-61.926489	-18.678044	4.202038	108.672347217	11.3293512195	316.506388181
-61.9098	-18.675233	4.491625	108.718153423	11.1898686614	315.135478545
-61.893111	-18.672422	4.978880	109.043011211	11.3325094659	313.865553106
-61.876422	-18.669612	5.655444	109.863878749	11.9741935658	312.725552513
-61.859734	-18.666801	6.128086	110.629663734	12.5639324394	311.572980974
-61.843045	-18.66399	6.337326	111.159801154	12.921154453	310.39313464
-61.826356	-18.66118	6.265763	111.346411389	12.9378355213	309.478387745
-61.809668	-18.658369	5.876758	111.175553119	12.600004677	308.797975637
-61.792979	-18.655558	5.409759	110.914535217	12.1751702503	308.319986991
-61.77629	-18.652747	4.881533	110.501924526	11.6018363789	308.404823641
-61.759601	-18.649937	4.391587	110.076058882	11.0181124076	307.62126803
-61.742913	-18.647126	3.974783	109.733279422	10.5205205847	305.651577748
-61.726224	-18.644315	3.483103	109.163772255	9.7993251345	304.135058742
-61.709535	-18.641504	2.924598	108.440894652	8.92780597055	302.852543511
-61.692846	-18.638694	2.184013	107.820343676	8.1616912263	301.855473913
-61.676158	-18.635883	1.241326	107.329076429	7.52792266443	301.405319661
-61.659469	-18.633072	0.241160	106.679476146	6.73879157864	300.604729663
-61.64278	-18.630261	-0.830502	105.763641732	5.68640892567	299.410073601
-61.626091	-18.627451	-1.739078	105.008764602	4.79852373091	298.51629511
-61.609403	-18.62464	-2.492166	104.444017501	4.10428232176	297.892909213
-61.592714	-18.621829	-3.095740	103.911679681	3.44529850097	297.602346708
-61.576025	-18.619018	-3.561246	103.378654266	2.78861976111	297.738561014
-61.559336	-18.616208	-4.122731	102.861157624	2.15090107803	297.328182124
-61.542648	-18.613397	-4.795436	102.342738733	1.51551731668	296.131324872
-61.525959	-18.610586	-5.691307	101.403719729	0.462635596366	295.417241541
-61.50927	-18.607776	-6.808876	100.035934786	-1.01585392863	295.373759008
-61.492581	-18.604965	-7.936210	98.9379733778	-2.22099028889	295.275712467
-61.475893	-18.602154	-9.045996	98.2252278187	-3.03726803282	295.168752594
-61.459204	-18.599343	-9.857878	97.6019986091	-3.76087565717	294.813316366
-61.442515	-18.596533	-10.344693	96.9808646502	-4.47929401828	294.12922205
-61.425826	-18.593722	-10.557731	96.756045306	-4.79760695106	293.471107069
-61.409138	-18.590911	-10.494978	97.0389457476	-4.6043371364	292.873294315
-61.392449	-18.5881	-10.531997	97.1558252308	-4.57378368012	292.10316526
-61.37576	-18.58529	-10.697972	96.9468423881	-4.86586096051	291.347838338
-61.359071	-18.582479	-11.242543	96.3179153012	-5.57406252944	290.638017174
-61.342383	-18.579668	-12.186585	95.3891887323	-6.57806459303	289.620112433
-61.325694	-18.576857	-13.312114	94.4635754555	-7.57531511506	289.061695739
-61.309005	-18.574047	-14.597945	93.5286582836	-8.5783474912	289.149168486
-61.292316	-18.571236	-15.592799	92.6311204429	-9.53976223601	289.122297775
-61.275628	-18.568425	-16.249650	91.7495622997	-10.4808360037	289.080015577
-61.258939	-18.565615	-16.426759	91.6007129943	-10.6856220051	288.82416016
-61.24225	-18.562804	-16.102325	92.2678211318	-10.0708537422	288.36732666
-61.225561	-18.559993	-15.618951	92.8174126854	-9.5693690542	287.845319593
-61.208873	-18.557182	-15.002609	93.1747807034	-9.25600181267	286.861065787
-61.192184	-18.554372	-14.664138	92.811726096	-9.65890707149	291.53343363
-61.175495	-18.551561	-14.665244	91.8079923037	-10.6982276458	301.26552994
-61.158806	-18.54875	-14.999308	90.7341295402	-11.8040299414	307.946188954
-61.142118	-18.545939	-15.713855	89.6304158404	-12.9361821582	310.972355902
-61.125429	-18.543129	-16.438407	88.5356185061	-14.0558489642	315.837185025
-61.10874	-18.540318	-17.176551	87.134921022	-15.4775557779	325.787527943
-61.092051	-18.537507	-17.708981	87.0210317482	-15.6093245275	323.490194543
-61.075363	-18.534696	-18.005961	88.3515297723	-14.2935399984	306.82244308
-61.058674	-18.531886	-18.296521	89.409730365	-13.2460404252	293.46269553
-61.041985	-18.529075	-18.566242	90.1705464575	-12.491868792	284.329481651
-61.025296	-18.526264	-19.154104	90.0139217183	-12.6506841323	281.199375754
-61.008608	-18.523453	-20.029886	88.9523854197	-13.7097558757	283.337407279
-60.991919	-18.520643	-21.073809	87.899013185	-14.7557551956	283.216497017
-60.97523	-18.517832	-22.258669	86.8776250095	-15.7648711701	281.769451572
-60.958541	-18.515021	-22.998092	86.1944326509	-16.4306183231	281.170843687
-60.941853	-18.512211	-23.282961	85.8631506786	-16.7389310471	280.433090758
-60.925164	-18.5094	-22.694301	86.3269897474	-16.2467689482	281.044300539
-60.908475	-18.506589	-21.256456	87.7530110223	-14.7871393998	282.131036255
-60.891786	-18.503778	-19.258263	89.4997542406	-13.0008806135	283.556154478
-60.875098	-18.500968	-16.744966	91.3995703531	-11.0553169745	286.525659436
-60.858409	-18.498157	-14.472777	93.111305096	-9.2929210476	292.312902667
-60.84172	-18.495346	-12.471549	94.6733296723	-7.67522570927	299.973491283
-60.825032	-18.492535	-11.164320	96.0942611766	-6.19357795007	299.903990719
-60.808343	-18.489725	-10.524550	97.2871194291	-4.9347659601	293.465443318
-60.791654	-18.486914	-10.182534	98.0675833569	-4.0843811978	288.780299245
-60.774965	-18.484103	-10.067507	98.4358788115	-3.6422555118	286.473759737
-60.758277	-18.481292	-9.455138	98.836359301	-3.16457720925	288.9921187
-60.741588	-18.478482	-8.291427	99.4245610317	-2.49552168955	295.692922871
-60.724899	-18.475671	-6.335511	100.729537246	-1.10749530961	302.445306518
-60.70821	-18.47286	-3.597744	102.6353581	0.883542471868	309.344489274
-60.691522	-18.470049	-0.595126	104.372989501	2.70712956917	318.456155201
-60.674833	-18.467239	2.613652	105.963110349	4.38400578249	329.804405951
-60.658144	-18.464428	5.340845	107.679424259	6.18684448001	337.841623892
-60.641455	-18.461617	7.550110	109.462663738	8.05640250655	342.337059812
-60.624767	-18.458807	9.099266	110.11855364	8.79738243237	351.237082628
-60.608078	-18.455996	9.975678	109.670983222	8.43366906337	364.008281068
-60.591389	-18.453185	10.666252	109.92033257	8.76478077677	368.598004632
-60.5747	-18.450374	11.197716	110.914113558	9.8383072308	365.151161442
-60.558012	-18.447564	12.076109	111.659390122	10.6595755673	365.320836154
-60.541323	-18.444753	13.330386	112.15132723	11.2235470876	369.983885968
-60.524634	-18.441942	14.930760	113.071096591	12.2108141446	375.908486786
-60.507945	-18.439131	16.880228	114.615348196	13.8181653419	380.419325333
-60.491257	-18.436321	18.731596	115.554510907	14.8148572401	386.964813772
-60.474568	-18.43351	20.468894	115.668109769	14.9801095575	398.0330534
-60.457879	-18.430699	21.786390	115.784189604	15.1422410834	408.950083335
-60.44119	-18.427888	22.668860	115.860716706	15.2591004621	419.614189352
-60.424502	-18.425078	23.226014	115.404380657	14.8369176412	429.492279951
-60.407813	-18.422267	23.448579	114.444949687	13.9055473837	438.672249988
-60.391124	-18.419456	23.590869	114.417924933	13.9020490958	439.849733026
-60.374435	-18.416645	23.652027	115.313720412	14.816525424	433.372646727
-60.357747	-18.413835	23.623600	116.272011402	15.7884591405	423.740303724
-60.341058	-18.411024	23.509125	117.449318324	16.9747551184	408.262020506
-60.324369	-18.408213	23.083248	118.625261578	18.1542453118	393.314367355
-60.30768	-18.405403	22.355884	119.752835617	19.2797428781	379.63107326
-60.290992	-18.402592	21.342182	120.645249419	20.1654257503	362.997765248
-60.274303	-18.399781	20.060712	121.161004953	20.6692063822	345.865192662
-60.257614	-18.39697	19.034025	120.594456147	20.0831739705	343.722306617
-60.240925	-18.39416	18.276265	118.877341119	18.3388229215	356.647375372
-60.224237	-18.391349	18.447296	118.170953606	17.5994601714	365.15812907
-60.207548	-18.388538	19.534384	118.658432987	18.048036734	368.242229726
-60.190859	-18.385727	21.656612	119.522423581	18.8641639183	378.963784218
-60.17417	-18.382917	24.782034	120.729858924	20.0144947897	397.060674401
-60.157482	-18.380106	28.234151	122.087727292	21.3048045358	414.987628603
-60.140793	-18.377295	31.986351	123.531055833	22.669773726	432.908645129
-60.124104	-18.374484	35.050335	123.788266744	22.8360478062	456.793803575
-60.107415	-18.371674	37.428334	123.083701153	22.0282641767	484.52458089
-60.090727	-18.368863	38.602544	122.988206481	21.8201021633	496.23633632
-60.074038	-18.366052	38.600985	123.15062477	21.8595300584	495.944751817
-60.057349	-18.363242	37.740017	123.49359449	22.0696238681	484.057075942
-60.04066	-18.360431	36.062949	124.507020146	22.9415884685	454.691326485
-60.023972	-18.35762	34.310209	125.713559687	23.9962783981	428.003166712
-60.007283	-18.354809	32.477180	126.578852188	24.6980927206	410.535807242
-59.990594	-18.351999	31.037346	127.289264226	25.2377572635	393.735484881
-59.973905	-18.349188	29.936987	128.096135918	25.8676918037	374.222970629
-59.957217	-18.346377	29.055240	128.872409275	26.4629299038	358.138544878
-59.940528	-18.343566	28.335020	129.484113546	26.8893053582	346.398396898
-59.923839	-18.340756	27.373496	129.911023054	27.13078181	334.976706361
-59.907151	-18.337945	26.185200	130.155484226	27.190032255	324.153388514
-59.890462	-18.335134	24.693599	130.059371214	26.9116700702	313.804483465
-59.873773	-18.332323	23.025505	129.72733874	26.400247927	304.050474113
-59.857084	-18.329513	21.711844	129.706390218	26.2037867073	296.294380363
-59.840396	-18.326702	20.960479	130.343762091	26.6699561128	288.495338042
-59.823707	-18.323891	21.672758	132.48420773	28.6449672016	274.671420638
-59.807018	-18.32108	24.035090	135.807637607	31.8076341018	260.898237627
-59.790329	-18.31827	28.540288	139.071914801	34.911542742	272.701447699
-59.773641	-18.315459	35.175160	141.722767951	37.4017834747	313.194207573
-59.756952	-18.312648	43.380878	143.836779927	39.3549830828	361.47640446
-59.740263	-18.309838	52.872415	145.976797591	41.3347731326	409.535361954
-59.723574	-18.307027	62.073996	147.214666812	42.4099137259	468.555517107
-59.706886	-18.304216	70.551429	147.168145585	42.1978448412	539.08454946
-59.690197	-18.301405	76.543114	142.576111858	37.4333322638	634.96503717
-59.673508	-18.298595	79.736581	134.32733964	29.0068374006	744.075919922
-59.656819	-18.295784	79.317539	129.107780896	23.6148955206	775.467801115
-59.640131	-18.292973	75.207725	126.1985657	20.5365377792	747.329514087
-59.623442	-18.290162	67.963049	124.218302338	18.3833182061	719.954152954
-59.606753	-18.287352	57.806518	126.131533185	20.1249826356	647.864785612
-59.590064	-18.284541	46.428086	132.203892031	26.0306503708	493.768265522
-59.573376	-18.28173	34.205870	136.092117097	29.7489755757	336.662230857
-59.556687	-18.278919	22.890365	132.903694843	26.3806709582	270.122284677
-59.539998	-18.276109	12.776545	125.944788635	19.2368816485	252.977588486
-59.523309	-18.273298	4.677005	119.413266355	12.5234177589	241.980506512
-59.506621	-18.270487	-1.332192	113.862540136	6.79403705582	238.034467442
-59.489932	-18.267676	-5.578472	110.05095069	2.81002992038	232.540661543
-59.473243	-18.264866	-8.163968	107.792537172	0.385710427118	226.733833816
-59.456554	-18.262055	-9.924778	106.435806979	-1.1282611939	222.095188705
-59.439866	-18.259244	-10.967493	105.768586343	-1.94375006503	218.505593117
-59.423177	-18.256434	-11.876192	105.394803489	-2.45529476817	212.208239481
-59.406488	-18.253623	-12.721135	105.253503289	-2.72370324327	204.242780388
-59.389799	-18.250812	-13.558408	104.954220756	-3.1387220351	198.683153149
-59.373111	-18.248001	-14.407550	104.414134184	-3.78318007429	195.308881458
-59.356422	-18.245191	-15.048724	103.841086406	-4.44955661331	194.697894815
-59.339733	-18.24238	-15.483798	103.254941641	-5.11785528439	197.428809592
-59.323044	-18.239569	-15.603716	102.766780176	-5.67688881588	201.43683482
-59.306356	-18.236758	-15.418508	102.456789607	-6.0467558176	205.616156356
-59.289667	-18.233948	-15.046215	102.462382102	-6.0908752171	208.662718461
-59.272978	-18.231137	-14.502206	102.704644417	-5.88824592026	210.955034979
-59.256289	-18.228326	-13.959836	102.718382781	-5.90405620698	215.655567871
-59.239601	-18.225515	-13.424656	102.701486399	-5.94064265871	220.886340245
-59.222912	-18.222705	-12.959021	102.968280734	-5.68421062421	223.235656409
-59.206223	-18.219894	-12.567732	103.269376306	-5.38486309814	225.280961481
-59.189534	-18.217083	-12.213384	103.368104929	-5.28042226078	227.52039786
-59.172846	-18.214273	-11.884390	103.405631545	-5.23006727269	229.152801829
-59.156157	-18.211462	-11.509643	103.461947411	-5.15483383948	233.187900122
-59.139468	-18.208651	-11.035471	103.536644422	-5.05588047243	238.986334722
-59.122779	-18.20584	-10.344838	103.922838444	-4.64171944157	242.159802477
-59.106091	-18.20303	-9.342703	104.64428346	-3.88941991079	243.866481641
-59.089402	-18.200219	-7.813558	105.850320294	-2.65103712034	245.488099662
-59.072713	-18.197408	-5.667480	107.577691379	-0.890919623273	247.761885432
-59.056024	-18.194597	-2.626512	109.63932007	1.19959901693	258.528874629
-59.039336	-18.191787	1.317468	112.346884629	3.93185897958	273.389761511
-59.022647	-18.188976	6.209784	115.176612628	6.77905301189	289.975862147
-59.005958	-18.186165	11.901578	117.400608567	9.01095418793	316.849142817
-58.98927	-18.183354	17.968182	119.517148519	11.1222736697	357.425085843
-58.972581	-18.180544	24.151037	122.405936761	13.9952738545	393.451673812
-58.955892	-18.177733	29.630763	125.969155285	17.5363660647	388.86865471
-58.939203	-18.174922	34.183391	128.364288464	19.8966468715	373.642862014
-58.922515	-18.172111	37.024601	123.42531435	14.8841407226	461.321768576
-58.905826	-18.169301	38.110831	113.295884067	4.65039197558	614.795456879
-58.889137	-18.16649	37.198023	109.61292035	0.873465602407	648.865378616
-58.872448	-18.163679	34.457060	111.413422166	2.58468901243	589.482160795
-58.85576	-18.160869	30.381925	112.948193682	4.01291777557	536.891445907
-58.839071	-18.158058	25.267573	113.63840911	4.58012650737	489.22286493
-58.822382	-18.155247	20.131392	115.117310158	5.92652772454	424.149582664
-58.805693	-18.152436	15.226790	117.024548237	7.6895028556	353.079542923
-58.789005	-18.149626	11.542015	116.828129548	7.32812792719	323.291645527
