# Command : grdtrack out_i.dat -GWGM2012_ETOPO1_ponc_2min.grd -h
# Command : grdtrack out_b.dat -GWGM2012_Isostatic_ponc_2min.grd -h
# Command : grdtrack Mid_Atlantic_profile_FA.dat -GWGM2012_Bouguer_ponc_2min.grd -h
-53.857041	29.789059	-24.558828	522.577312895	-15.2072794331	-5683.38152396
-53.840356	29.785624	-25.798663	522.57856176	-15.148216721	-5697.48139969
-53.823671	29.782189	-27.033165	521.179428179	-16.471362115	-5698.97924117
-53.806985	29.778754	-28.197031	518.180455455	-19.3773451007	-5687.2815445
-53.7903	29.775319	-29.178544	515.469780306	-21.9675007145	-5672.05648523
-53.773615	29.771883	-29.971215	513.760794961	-23.530583163	-5658.63795376
-53.75693	29.768448	-30.461368	514.173322816	-22.9400075324	-5652.56145478
-53.740244	29.765013	-30.707136	516.17993732	-20.7258228873	-5654.49958503
-53.723559	29.761578	-30.663550	515.041006902	-21.6241583883	-5645.62886867
-53.706874	29.758143	-30.423143	511.639570411	-24.7554764788	-5629.86544307
-53.690189	29.754707	-30.023042	510.944496583	-25.1567015686	-5625.21400861
-53.673503	29.751272	-29.538995	512.026315794	-23.7614725271	-5631.0099418
-53.656818	29.747837	-29.042424	513.542647337	-21.9233546714	-5638.06871552
-53.640133	29.744402	-28.545506	515.321521081	-19.8176608403	-5642.99875224
-53.623448	29.740967	-28.119824	516.106215288	-18.7153620287	-5631.15410397
-53.606762	29.737531	-27.693945	515.553835647	-18.9619025322	-5602.50092742
-53.590077	29.734096	-27.224019	513.26699333	-20.9707358244	-5558.89829182
-53.573392	29.730661	-26.606947	511.1176575	-22.8706803693	-5508.01499695
-53.556707	29.727226	-25.695482	513.698975842	-20.0808708982	-5482.25083126
-53.540021	29.723791	-24.431001	519.392913007	-14.2222275419	-5468.76196447
-53.523336	29.720355	-22.720867	525.980438137	-7.52471386402	-5426.22519122
-53.506651	29.71692	-20.586596	531.34432384	-2.10796219453	-5346.98110606
-53.489966	29.713485	-18.188092	517.055205279	-16.4034672042	-5148.55093485
-53.47328	29.71005	-15.597931	491.630541732	-41.8950853833	-4881.1931544
-53.456595	29.706615	-13.194941	485.643197434	-48.000734157	-4811.65487862
-53.43991	29.703179	-11.051209	493.43295845	-40.3804041235	-4905.81352327
-53.423225	29.699744	-9.552612	516.564234283	-17.4491756469	-5073.53872921
-53.406539	29.696309	-8.714313	548.775715196	14.5341471732	-5285.53547289
-53.389854	29.692874	-8.725341	545.770452712	11.2990762146	-5314.12485684
-53.373169	29.689439	-9.579475	520.722895937	-13.9779299395	-5226.11626058
-53.356484	29.686003	-11.146195	510.925791604	-23.9767956831	-5211.12739152
-53.339798	29.682568	-13.393057	509.557591071	-25.5168639058	-5240.05439677
-53.323113	29.679133	-15.874167	512.295264349	-22.9020131044	-5330.45116032
-53.306428	29.675698	-18.555081	517.68899862	-17.5800451229	-5453.31293324
-53.289743	29.672263	-20.847073	523.762776721	-11.5208792263	-5559.13868962
-53.273057	29.668827	-22.741748	530.572750141	-4.66712799459	-5650.60288513
-53.256372	29.665392	-23.798111	532.006350455	-3.14198767468	-5666.26142635
-53.239687	29.661957	-24.079134	529.144201282	-5.86611777577	-5621.0547702
-53.223002	29.658522	-23.571725	519.43043906	-15.4207493143	-5508.69821072
-53.206316	29.655087	-22.336827	506.505294037	-28.1648624414	-5356.06990718
-53.189631	29.651651	-20.738693	505.008634705	-29.4917078976	-5258.05406401
-53.172946	29.648216	-18.794387	510.36115988	-23.9787592886	-5195.38966314
-53.156261	29.644781	-17.040708	513.183604389	-21.036771322	-5147.45641579
-53.139575	29.641346	-15.439987	514.166458828	-19.9717622103	-5104.92940666
-53.12289	29.637911	-14.488124	513.492062375	-20.6240429504	-5062.69884779
-53.106205	29.634475	-14.085658	511.423616264	-22.7255004553	-5021.36598759
-53.08952	29.63104	-14.454233	508.766080673	-25.4785427189	-4997.34150496
-53.072834	29.627605	-15.510567	505.883534814	-28.5149415589	-4993.01527644
-53.056149	29.62417	-17.097345	504.104203437	-30.497529612	-5039.1683014
-53.039464	29.620735	-19.104998	504.288464122	-30.5609817227	-5128.05580009
-53.022779	29.617299	-21.148983	509.149209575	-25.9717553045	-5254.77708001
-53.006093	29.613864	-23.206653	515.046038457	-20.3675363886	-5399.50552481
-52.989408	29.610429	-24.919919	518.166585324	-17.5359246166	-5497.34156583
-52.972723	29.606994	-26.359556	520.387470384	-15.6006097592	-5565.22086234
-52.956038	29.603559	-27.319933	519.410338233	-16.839148903	-5592.88935586
-52.939352	29.600123	-27.898474	516.854600067	-19.6355229407	-5592.29549602
-52.922667	29.596688	-28.041062	515.910769955	-20.7858760514	-5580.51479439
-52.905982	29.593253	-27.807220	515.554313023	-21.3193885291	-5554.44659761
-52.889297	29.589818	-27.243664	515.847009316	-21.1704240894	-5523.82867854
-52.872611	29.586383	-26.380063	516.148351689	-20.9855063128	-5483.46663194
-52.855926	29.582947	-25.280437	515.719781422	-21.5064477231	-5429.18374192
-52.839241	29.579512	-23.944915	514.575481358	-22.7245708694	-5363.35685509
-52.822556	29.576077	-22.508635	512.904460846	-24.4560465111	-5288.53193857
-52.80587	29.572642	-20.967795	512.059137854	-25.3521687308	-5215.35207331
-52.789185	29.569207	-19.574998	511.702837226	-25.7540694466	-5160.91928779
-52.7725	29.565771	-18.337856	511.665270551	-25.8337528599	-5126.73346412
-52.755815	29.562336	-17.499014	512.437323329	-25.1007204307	-5128.79839397
-52.739129	29.558901	-17.054296	513.526345598	-24.048057723	-5158.84306303
-52.722444	29.555466	-17.064491	515.162390435	-22.4429790844	-5211.65223873
-52.705759	29.552031	-17.526910	517.142783697	-20.4869103763	-5282.77624444
-52.689074	29.548595	-18.217358	519.206916164	-18.4379333368	-5354.03845931
-52.672388	29.54516	-19.120899	521.562802623	-16.0859505231	-5427.59176658
-52.655703	29.541725	-19.823963	523.675155684	-13.9668266846	-5487.45454133
-52.639018	29.53829	-20.313029	525.804977007	-11.8176242424	-5535.22401535
-52.622333	29.534855	-20.284736	527.496265984	-10.1004077604	-5560.53138937
-52.605647	29.531419	-19.744931	528.506792928	-9.05599394715	-5562.20536749
-52.588962	29.527984	-18.732173	529.025209874	-8.50809588826	-5541.19418747
-52.572277	29.524549	-17.273953	528.798194836	-8.70819072254	-5499.49643327
-52.555592	29.521114	-15.753676	527.95370105	-9.53971822242	-5452.71132801
-52.538906	29.517679	-14.185664	527.480391617	-10.0119690946	-5404.18159489
-52.522221	29.514243	-13.069681	527.605853011	-9.90667365009	-5366.28498497
-52.505536	29.510808	-12.379926	527.844071314	-9.70748798073	-5338.11607737
-52.488851	29.507373	-12.391248	525.38074589	-12.2314766041	-5319.20368041
-52.472165	29.503938	-13.042137	520.328632967	-17.3638052087	-5307.07463591
-52.45548	29.500503	-14.230150	520.087570468	-17.7005684242	-5336.81223035
-52.438795	29.497067	-15.896728	522.608054099	-15.2894035914	-5396.67516662
-52.42211	29.493632	-17.696138	523.804163676	-14.2065936021	-5452.13727542
-52.405424	29.490197	-19.609585	526.303727336	-11.8226448799	-5517.49084247
-52.388739	29.486762	-21.281414	527.629941085	-10.6018835872	-5585.52414348
-52.372054	29.483327	-22.720557	526.834738947	-11.4910583582	-5645.69922275
-52.355369	29.479892	-23.732295	528.394963435	-10.0016645978	-5689.23362238
-52.338683	29.476456	-24.341117	530.443649753	-8.00015682518	-5712.80999377
-52.321998	29.473021	-24.594880	528.453536743	-10.0047133193	-5697.67029418
-52.305313	29.469586	-24.511479	526.224136231	-12.2158787255	-5662.95858544
-52.288628	29.466151	-24.231887	525.099494832	-13.2839477846	-5627.73852403
-52.271942	29.462716	-23.737211	523.825106165	-14.462523117	-5586.01409095
-52.255257	29.45928	-23.074328	523.083753842	-15.0656554545	-5544.59734349
-52.238572	29.455845	-22.232175	522.196043392	-15.7739411425	-5500.48098695
-52.221887	29.45241	-21.199052	520.817672732	-16.9345597599	-5456.40860178
-52.205201	29.448975	-20.009062	519.645681129	-17.8521842118	-5411.4809916
-52.188516	29.44554	-18.698652	519.059870974	-18.1525562119	-5364.86859645
-52.171831	29.442104	-17.344229	518.599331385	-18.299826522	-5318.70365239
-52.155146	29.438669	-16.080814	518.333772443	-18.2326289835	-5275.18378049
-52.13846	29.435234	-14.992154	518.27355405	-17.9436282161	-5237.82799257
-52.121775	29.431799	-14.283818	517.772056568	-18.0892394611	-5211.29481515
-52.10509	29.428364	-13.997456	517.000083543	-18.5009581536	-5199.17395903
-52.088405	29.424928	-14.272767	516.731011738	-18.4110331719	-5210.1885453
-52.071719	29.421493	-15.096886	516.965067433	-17.8222165964	-5242.70240341
-52.055034	29.418058	-16.419803	517.644557076	-16.793554574	-5301.82702068
-52.038349	29.414623	-18.169692	518.839421137	-15.2564839602	-5381.78566215
-52.021664	29.411188	-20.111149	521.058387981	-12.6965317733	-5473.09417822
-52.004978	29.407752	-22.146871	523.966722038	-9.44903003085	-5570.48873654
-51.988293	29.404317	-23.930363	525.737705402	-7.33006548469	-5651.36783217
-51.971608	29.400882	-25.398255	526.436073605	-6.27495701187	-5713.84273421
-51.954923	29.397447	-26.325223	524.090852112	-8.2441529018	-5734.00516908
-51.938237	29.394012	-26.717879	518.301558693	-13.639794331	-5706.82823449
-51.921552	29.390576	-26.516968	514.697935039	-16.8254143729	-5650.05959498
-51.904867	29.387141	-25.727919	512.060448404	-19.0214658349	-5560.89351668
-51.888182	29.383706	-24.474758	507.045404678	-23.5710130136	-5437.36020877
-51.871496	29.380271	-22.786922	503.126001819	-27.0022535017	-5306.95878779
-51.854811	29.376836	-20.879414	499.663686177	-29.959470777	-5190.93513122
-51.838126	29.3734	-18.797446	498.022595131	-31.0795918591	-5112.49526025
-51.821441	29.369965	-16.717533	507.649485713	-20.9252956701	-5148.41054625
-51.804755	29.36653	-14.687954	522.252082563	-5.78909557084	-5239.73728572
-51.78807	29.363095	-12.747315	528.187940177	0.675982111085	-5267.51625452
-51.771385	29.35966	-10.935525	527.153846861	0.16600412438	-5243.79008649
-51.7547	29.356224	-9.208818	518.296215861	-8.18163038601	-5153.81382831
-51.738014	29.352789	-7.595468	507.057905126	-18.923165174	-5041.24963885
-51.721329	29.349354	-5.988678	505.73340178	-19.7708601399	-5002.07493233
-51.704644	29.345919	-4.384867	509.60967415	-15.4367538138	-5009.3083246
-51.687959	29.342484	-2.698531	514.06201347	-10.5516404997	-5032.98689627
-51.671273	29.339048	-0.947472	519.406234795	-4.7982127518	-5066.06204937
-51.654588	29.335613	0.783229	521.891038719	-1.93373295877	-5064.58720182
-51.637903	29.332178	2.451978	522.354699032	-1.11813156883	-5036.35798334
-51.621218	29.328743	3.753338	521.608946738	-1.5479880429	-4991.00114035
-51.604532	29.325308	4.640017	519.528341921	-3.34738307178	-4933.01977259
-51.587847	29.321872	4.778400	518.0568307	-4.57775453928	-4898.72185693
-51.571162	29.318437	4.198470	516.918326208	-5.51158321548	-4886.0241255
-51.554477	29.315002	2.765077	516.392411397	-5.8712511237	-4916.5777907
-51.537791	29.311567	0.594525	516.246118074	-5.88545121745	-4985.84614262
-51.521106	29.308132	-2.141531	516.117098945	-5.91542251377	-5079.14784723
-51.504421	29.304696	-5.291471	516.417292932	-5.54503279738	-5189.73641599
-51.487736	29.301261	-8.493616	517.741940007	-4.17454986527	-5291.81541361
-51.47105	29.297826	-11.644226	519.602104791	-2.29011356897	-5381.82565902
-51.454365	29.294391	-14.456809	520.24117825	-1.64588113382	-5446.95644717
-51.43768	29.290956	-16.903614	519.529929329	-2.36913211262	-5486.90799347
-51.420995	29.28752	-18.878921	517.936883803	-3.98725617294	-5502.40138153
-51.404309	29.284085	-20.412790	515.998938405	-5.96293140774	-5496.09135545
-51.387624	29.28065	-21.622496	513.51321236	-8.49605741508	-5478.81234457
-51.370939	29.277215	-22.553252	510.594078098	-11.4733182961	-5453.64127773
-51.354254	29.27378	-23.369046	508.197652836	-13.9361858867	-5430.56498573
-51.337568	29.270344	-24.098064	506.300854479	-15.9095742289	-5411.14916782
-51.320883	29.266909	-24.790249	504.999455062	-17.2952230654	-5399.17167439
-51.304198	29.263474	-25.443563	504.159251209	-18.2279634474	-5394.12921268
-51.287513	29.260039	-25.959212	504.316719689	-18.1656401122	-5387.92496787
-51.270827	29.256604	-26.326175	505.323189134	-17.2584303514	-5380.44357294
-51.254142	29.253168	-26.423518	503.972704519	-18.7071998625	-5351.04316194
-51.237457	29.249733	-26.280592	501.053735769	-21.7249335707	-5305.70039294
-51.220772	29.246298	-25.884773	497.457278534	-25.4158945439	-5252.04447768
-51.204086	29.242863	-25.322079	494.041135301	-28.9230720226	-5195.03132193
-51.187401	29.239428	-24.723958	495.408881311	-27.6382089075	-5175.48390286
-51.170716	29.235992	-24.186772	498.21820727	-24.9033012848	-5174.3564213
-51.154031	29.232557	-23.896698	500.397063953	-22.7842942273	-5179.36990191
-51.137345	29.229122	-23.856006	502.771665166	-20.4516400268	-5198.28625455
-51.12066	29.225687	-24.139995	503.341049584	-19.898888526	-5222.87153804
-51.103975	29.222252	-24.727516	503.628759423	-19.6009922902	-5263.701132
-51.08729	29.218816	-25.486926	504.996793898	-18.1875054509	-5325.90366465
-51.070604	29.215381	-26.330122	506.9965922	-16.1062989378	-5399.01951924
-51.053919	29.211946	-26.913907	509.031772076	-13.9478768662	-5461.05528549
-51.037234	29.208511	-27.159945	510.680396121	-12.1350027449	-5506.257219
-51.020549	29.205076	-26.759420	510.921145454	-11.6888275585	-5515.218775
-51.003863	29.20164	-25.726005	510.208230723	-12.1582796433	-5490.76766097
-50.987178	29.198205	-24.046175	509.327318612	-12.766059803	-5434.72213686
-50.970493	29.19477	-21.808745	507.998068959	-13.79630619	-5351.05109401
-50.953808	29.191335	-19.333297	506.490746781	-14.9970356575	-5252.70193884
-50.937122	29.1879	-16.706035	505.089511896	-16.0902807762	-5143.07554551
-50.920437	29.184464	-14.400989	503.672420314	-17.2213900127	-5039.2504274
-50.903752	29.181029	-12.441456	502.277517418	-18.3565367976	-4943.35980103
-50.887067	29.177594	-11.227962	501.501825237	-18.9201507055	-4871.33095159
-50.870381	29.174159	-10.715034	501.089177634	-19.1695924845	-4824.15586367
-50.853696	29.170724	-11.043817	500.456837652	-19.697840209	-4814.54953865
-50.837011	29.167288	-12.123177	499.758133406	-20.3489729413	-4840.18796175
-50.820326	29.163853	-13.761209	499.128871921	-20.9825371831	-4903.16093707
-50.80364	29.160418	-15.865940	499.048976653	-21.1119596422	-4997.75215442
-50.786955	29.156983	-18.089120	500.933885765	-19.3021164361	-5111.9048977
-50.77027	29.153548	-20.415789	503.928620496	-16.4019976519	-5241.42080017
-50.753585	29.150112	-22.468329	507.090080054	-13.3253168641	-5363.51427686
-50.736899	29.146677	-24.271504	510.1225761	-10.3629244281	-5475.83282417
-50.720214	29.143242	-25.518493	512.195971163	-8.31412142287	-5553.97485092
-50.703529	29.139807	-26.239523	513.887189359	-6.59999653304	-5602.47218071
-50.686844	29.136372	-26.272974	514.764636536	-5.6291505991	-5611.43154502
-50.670158	29.132936	-25.662953	514.601175384	-5.63043032773	-5586.55111742
-50.653473	29.129501	-24.447034	512.467180013	-7.52466343032	-5536.96894896
-50.636788	29.126066	-22.678751	509.756059956	-9.92297395576	-5467.30295344
-50.620103	29.122631	-20.574257	509.393228767	-9.90658741902	-5399.23136101
-50.603417	29.119196	-18.188589	509.540257899	-9.32043966565	-5325.27665915
-50.586732	29.11576	-15.789479	508.891213871	-9.49115114734	-5247.35909711
-50.570047	29.112325	-13.401857	508.219424105	-9.65154082097	-5165.82471391
-50.553362	29.10889	-11.221795	506.36110302	-10.9927685371	-5076.68700815
-50.536676	29.105455	-9.270818	504.086216231	-12.7490701077	-4989.94628039
-50.519991	29.10202	-7.691246	504.149336285	-12.1935696245	-4920.0800936
-50.503306	29.098584	-6.513678	504.794859402	-11.0834279622	-4860.84415761
-50.486621	29.095149	-5.921029	503.15174584	-12.3117069403	-4809.91072475
-50.469935	29.091714	-5.899359	500.582151056	-14.5132285944	-4774.84901941
-50.45325	29.088279	-6.649046	499.375740635	-15.4078370553	-4776.47422453
-50.436565	29.084844	-8.083777	499.493696429	-15.0290346578	-4810.2520771
-50.41988	29.081408	-10.249551	500.39524859	-13.9153319114	-4867.66054305
-50.403194	29.077973	-13.002677	500.914955351	-13.2241856227	-4936.45623168
-50.386509	29.074538	-16.087241	497.313465201	-16.6802046129	-5010.09287359
-50.369824	29.071103	-19.357503	492.507190364	-21.3599767789	-5093.11619021
-50.353139	29.067668	-22.294775	498.08744857	-15.6504074749	-5217.69326359
-50.336453	29.064232	-24.824742	507.410723644	-6.19111091695	-5350.03651318
-50.319768	29.060797	-26.393297	506.03343954	-7.40504650768	-5385.61839661
-50.303083	29.057362	-27.078138	500.572097428	-12.6761568387	-5364.34424554
-50.286398	29.053927	-26.605547	495.069517363	-17.9490071729	-5294.5615802
-50.269712	29.050492	-25.151117	490.361749923	-22.3925572112	-5199.54072066
-50.253027	29.047056	-22.847193	492.391289206	-20.0631599353	-5140.46895178
-50.236342	29.043621	-19.909754	496.749699049	-15.3763183329	-5090.43657834
-50.219657	29.040186	-16.881081	499.528786098	-12.2480760669	-5042.77876066
-50.202971	29.036751	-13.895421	501.726305343	-9.68650360562	-4994.35777707
-50.186286	29.033316	-11.589387	502.172623942	-8.87311941545	-4936.94373936
-50.169601	29.029881	-9.926146	500.826208495	-9.8514399718	-4877.10478902
-50.152916	29.026445	-9.242809	497.727161628	-12.5893044172	-4836.63296229
-50.13623	29.02301	-9.364513	494.670977975	-15.2904411191	-4822.8849763
-50.119545	29.019575	-10.182277	495.144134814	-14.4702839634	-4855.9959677
-50.10286	29.01614	-11.498689	497.166607621	-12.1069747396	-4917.07977994
-50.086175	29.012705	-12.842630	498.061543581	-10.873564503	-4976.27106179
-50.069489	29.009269	-14.126589	498.436442807	-10.1599217883	-5029.89475634
-50.052804	29.005834	-14.841450	497.824084576	-10.4259491981	-5051.35827353
-50.036119	29.002399	-15.074547	496.722732591	-11.1724046316	-5052.75482193
-50.019434	28.998964	-14.624456	496.994094545	-10.5319963874	-5051.08157894
-50.002748	28.995529	-13.696910	497.942364838	-9.20074704986	-5047.15642027
-49.986063	28.992093	-12.496601	500.419545427	-6.32472451565	-5050.39690545
-49.969378	28.988658	-11.153568	503.213652447	-3.11702806323	-5052.18470345
-49.952693	28.985223	-9.970559	502.708510782	-3.19509594594	-5024.81034779
-49.936007	28.981788	-8.897247	501.645497152	-3.81930355996	-4990.38692055
-49.919322	28.978353	-8.047886	500.28813939	-4.73087571727	-4955.72239761
-49.902637	28.974917	-7.249745	498.679957851	-5.88836956225	-4918.27998831
-49.885952	28.971482	-6.385290	498.412497861	-5.70878727899	-4882.94846179
-49.869266	28.968047	-5.359084	497.514120437	-6.16620117399	-4829.07837372
-49.852581	28.964612	-4.098399	494.949981041	-8.30552383721	-4749.17482926
-49.835896	28.961177	-2.696537	491.986880586	-10.8637707924	-4652.71083918
-49.819211	28.957741	-1.323846	490.364868976	-12.1125321648	-4553.69429896
-49.802525	28.954306	-0.115036	489.237269223	-12.8987401902	-4462.93083714
-49.78584	28.950871	0.581888	488.341455362	-13.4933075817	-4403.67233404
-49.769155	28.947436	0.703622	488.077442467	-13.4942633518	-4378.72367945
-49.75247	28.944001	0.011209	487.566844637	-13.7824204052	-4401.93455308
-49.735784	28.940565	-1.413627	487.190656959	-13.971625135	-4462.26970276
-49.719099	28.93713	-3.474480	488.277576668	-12.7277995538	-4550.3175413
-49.702414	28.933695	-5.997266	489.519514392	-11.3527371241	-4645.00525999
-49.685729	28.93026	-8.603326	488.644922991	-12.107974901	-4704.315669
-49.669043	28.926825	-11.175032	485.885995053	-14.7567118811	-4745.61489118
-49.652358	28.923389	-13.317928	480.431288343	-20.097740251	-4775.90699109
-49.635673	28.919954	-15.020560	475.892775204	-24.5157228013	-4816.72455287
-49.618988	28.916519	-16.094891	479.634764301	-20.6369937546	-4906.87100933
-49.602302	28.913084	-16.631575	487.492029657	-12.6265173417	-5009.35959032
-49.585617	28.909649	-16.699382	494.02088445	-5.92376009384	-5077.34861401
-49.568932	28.906213	-16.406269	498.165529249	-1.58687390339	-5107.05915565
-49.552247	28.902778	-15.943917	497.247513082	-2.29610614405	-5092.81633723
-49.535561	28.899343	-15.345156	494.630228265	-4.69089091691	-5061.71820118
-49.518876	28.895908	-14.767257	495.106318208	-3.98322146383	-5060.59100068
-49.502191	28.892473	-14.187291	498.370479383	-0.480984516134	-5076.11980004
-49.485506	28.889037	-13.616889	499.346610915	0.734650702559	-5056.63895252
-49.46882	28.885602	-13.060834	496.041349655	-2.33083076759	-5002.05571811
-49.452135	28.882167	-12.568459	488.649710771	-9.48527535553	-4906.2926646
-49.43545	28.878732	-12.164373	480.738520631	-17.1622632557	-4812.06105187
-49.418765	28.875297	-11.959225	478.554511387	-19.1162384192	-4793.63943565
-49.402079	28.871861	-11.909686	480.56623946	-16.8788164156	-4824.64692295
-49.385394	28.868426	-12.018553	486.460041008	-10.7639036239	-4914.23103081
-49.368709	28.864991	-12.181790	492.858720188	-4.14892607127	-5015.72853019
-49.352024	28.861556	-12.211424	495.818391003	-0.976141488533	-5068.07176036
-49.335338	28.858121	-12.042140	496.63759457	0.0514301550061	-5081.86100086
-49.318653	28.854685	-11.467341	494.713962817	-1.67007095927	-5036.54938058
-49.301968	28.85125	-10.536760	491.864100541	-4.32524078663	-4956.36324908
-49.285283	28.847815	-9.221536	489.92668986	-6.07616376282	-4859.70810115
-49.268597	28.84438	-7.729578	488.424391473	-7.40042315109	-4753.80099302
-49.251912	28.840945	-6.363278	487.437171893	-8.21682368329	-4658.06452177
-49.235227	28.837509	-5.322105	485.648832967	-9.83830931513	-4571.46443556
-49.218542	28.834074	-5.032914	481.142969724	-14.1748050696	-4497.23883448
-49.201856	28.830639	-5.425725	476.682140173	-18.4583785594	-4462.88008024
-49.185171	28.827204	-6.593647	475.50380798	-19.4395278606	-4520.38947193
-49.168486	28.823769	-8.235840	477.39707342	-17.3251644	-4643.33452651
-49.151801	28.820333	-9.928369	484.973868999	-9.49128239849	-4807.95317574
-49.135115	28.816898	-11.374614	494.006556145	-0.164179912938	-4967.81286289
-49.11843	28.813463	-11.876880	496.744330864	2.91318267167	-5037.47015245
-49.101745	28.810028	-11.394665	495.744719407	2.29417298668	-5033.93810403
-49.08506	28.806593	-9.494602	493.049149492	0.0189192122396	-4955.73989986
-49.068374	28.803157	-6.481558	489.321593331	-3.25715088596	-4821.9315445
-49.051689	28.799722	-2.583122	485.871000518	-6.23818005438	-4651.87612586
-49.035004	28.796287	1.738312	483.029375423	-8.60168430358	-4467.49280721
-49.018319	28.792852	5.703165	482.019840971	-9.14366005042	-4304.96899097
-49.001633	28.789417	9.080789	481.997921751	-8.71452544798	-4173.76231489
-48.984948	28.785981	11.140541	482.264553945	-8.03179265857	-4108.75309421
-48.968263	28.782546	12.043364	482.677084986	-7.23837663244	-4097.02309001
-48.951578	28.779111	11.613908	483.104114156	-6.47663242943	-4139.70236193
-48.934892	28.775676	10.248459	483.895083658	-5.39288789928	-4219.07111725
-48.918207	28.772241	8.350067	485.03366842	-4.00543532027	-4313.80013118
-48.901522	28.768805	6.214592	486.109449879	-2.71896461436	-4410.54424257
-48.884837	28.76537	4.395666	486.57313979	-2.07799444327	-4481.53729663
-48.868151	28.761935	2.879913	486.406361911	-2.09677660128	-4527.13464283
-48.851466	28.7585	1.925125	485.615693892	-2.76197664606	-4534.25720605
-48.834781	28.755065	1.324094	484.197414413	-4.07574636497	-4515.2357916
-48.818096	28.751629	0.943033	482.105604954	-6.07923398157	-4481.22026484
-48.80141	28.748194	0.640424	480.058334412	-8.05635794485	-4441.95143571
-48.784725	28.744759	0.166649	478.859248388	-9.20383094645	-4417.81006332
-48.76804	28.741324	-0.437150	478.139394356	-9.89396025056	-4405.08786311
-48.751355	28.737889	-1.256321	477.682550185	-10.345947985	-4409.03766348
-48.734669	28.734453	-2.141834	477.256073987	-10.7952926041	-4421.34763808
-48.717984	28.731018	-2.952956	476.869972263	-11.2358234752	-4432.48797499
-48.701299	28.727583	-3.626764	476.711594285	-11.4784732682	-4439.8696828
-48.684614	28.724148	-4.032677	476.933699824	-11.3701439251	-4434.58770623
-48.667928	28.720713	-4.349735	477.079870833	-11.3625887842	-4418.18974264
-48.651243	28.717277	-4.692487	476.116194309	-12.4838415092	-4374.33464618
-48.634558	28.713842	-5.315837	474.13362841	-14.6342546564	-4317.16190144
-48.617873	28.710407	-6.521385	470.195566562	-18.7391976327	-4248.70789359
-48.601187	28.706972	-8.358499	465.527745103	-23.5612780519	-4203.87461622
-48.584502	28.703537	-10.984727	462.014518815	-27.1992908267	-4251.17156811
-48.567817	28.700101	-14.111878	460.974613861	-28.3236182204	-4364.56314432
-48.551132	28.696666	-17.488515	465.641219091	-23.6830301686	-4548.82464182
-48.534446	28.693231	-20.683635	471.891342516	-17.3939968539	-4739.12050394
-48.517761	28.689796	-23.164398	475.764556634	-13.4027456779	-4855.71872337
-48.501076	28.686361	-24.739747	477.140813778	-11.8291726479	-4911.46209038
-48.484391	28.682925	-25.040396	474.372426682	-14.3146394814	-4889.5484911
-48.467705	28.67949	-24.218786	470.655599091	-17.6696302644	-4820.6105158
-48.45102	28.676055	-22.344449	468.694800502	-19.19243285	-4729.04036811
-48.434335	28.67262	-19.770611	467.682158304	-19.7033231017	-4629.90094501
-48.41765	28.669185	-16.893473	467.496657647	-19.3343783484	-4550.89754606
-48.400964	28.665749	-13.986072	468.202761304	-18.0346106131	-4493.67584625
-48.384279	28.662314	-11.377758	470.066602487	-15.5541497556	-4468.08578257
-48.367594	28.658879	-9.117697	472.16845101	-12.8243486703	-4463.93467586
-48.350909	28.655444	-7.297757	473.823620446	-10.5448142064	-4468.47589699
-48.334223	28.652009	-5.850203	475.111104162	-8.64357630513	-4475.60686444
-48.317538	28.648573	-4.641232	475.360829191	-7.80276127991	-4469.13342802
-48.300853	28.645138	-3.671169	475.014834649	-7.58282590118	-4455.35468839
-48.284168	28.641703	-2.870742	474.51672911	-7.54808807997	-4437.51281802
-48.267482	28.638268	-2.337397	473.866832896	-7.69637573357	-4424.36413153
-48.250797	28.634833	-2.213505	473.393628341	-7.70206928683	-4432.13483785
-48.234112	28.631397	-2.503826	473.296575091	-7.36345214581	-4459.13881398
-48.217427	28.627962	-3.373682	473.853449463	-6.40550498354	-4512.78553783
-48.200741	28.624527	-4.609083	474.841388211	-5.04778046117	-4578.38015481
-48.184056	28.621092	-6.097754	476.139880572	-3.40993212741	-4641.1668549
-48.167371	28.617657	-7.528547	477.14905525	-2.0916610831	-4686.375624
-48.150686	28.614221	-8.531714	476.672904302	-2.29083207726	-4691.91798501
-48.134	28.610786	-8.984709	474.727877167	-3.99124580975	-4659.76640787
-48.117315	28.607351	-8.588271	471.832189388	-6.67749251823	-4586.62852057
-48.10063	28.603916	-7.560237	469.088321486	-9.24807990352	-4492.32427422
-48.083945	28.600481	-6.006507	467.850218076	-10.3531986775	-4397.48859476
-48.06726	28.597046	-4.342639	467.636587878	-10.4714029194	-4317.34713774
-48.050574	28.59361	-3.062209	467.979919678	-10.0704461037	-4273.65880059
-48.033889	28.590175	-2.382019	468.922514232	-9.10051135336	-4270.90139902
-48.017204	28.58674	-2.749343	470.063742379	-7.95641631994	-4321.24220586
-48.000519	28.583305	-3.973221	471.38410134	-6.64528389215	-4413.63475168
-47.983833	28.57987	-6.048735	473.340180222	-4.69660612081	-4542.12796557
-47.967148	28.576434	-8.524792	475.970154397	-2.05929599957	-4684.50429113
-47.950463	28.572999	-10.931778	479.087305317	1.09805121499	-4815.27884458
-47.933778	28.569564	-12.918355	481.606484182	3.69891765575	-4917.21649818
-47.917092	28.566129	-13.911647	482.190209975	4.42190916053	-4961.32935704
-47.900407	28.562694	-13.929207	481.374167912	3.80250975252	-4954.6921423
-47.883722	28.559258	-12.712281	479.324496364	2.01518234246	-4892.45623685
-47.867037	28.555823	-10.586463	476.792839715	-0.196763875465	-4794.47136141
-47.850351	28.552388	-7.751469	474.754641583	-1.85999473704	-4678.36523756
-47.833666	28.548953	-4.589592	473.583172808	-2.61510855181	-4559.03934122
-47.816981	28.545518	-1.563476	473.93717215	-1.81521498752	-4459.45786632
-47.800296	28.542082	1.147381	474.594900643	-0.695378349799	-4378.33900705
-47.78361	28.538647	3.170047	474.729578537	-0.0974231719971	-4323.76735316
-47.766925	28.535212	4.554880	474.762905985	0.390635414901	-4291.34592504
-47.75024	28.531777	5.194712	474.640262248	0.699806057488	-4278.01855605
-47.733555	28.528342	5.229922	474.391664026	0.855479527927	-4283.43835699
-47.716869	28.524906	4.773528	473.970871623	0.803155561099	-4304.5859256
-47.700184	28.521471	3.972048	473.692459316	0.858635422067	-4339.88425953
-47.683499	28.518036	3.004231	473.958522208	1.42202915882	-4387.76848595
-47.666814	28.514601	1.952901	474.635555126	2.36281693195	-4441.08417347
-47.650128	28.511166	0.936422	475.861185712	3.82055215482	-4495.81271223
-47.633443	28.50773	0.000860	476.822735391	4.98537156473	-4542.32199765
-47.616758	28.504295	-0.791058	476.120352984	4.46064406597	-4564.57600694
-47.600073	28.50086	-1.415012	474.893590548	3.38709382533	-4569.10606296
-47.583387	28.497425	-1.839936	473.951116378	2.57466632932	-4557.88675573
-47.566702	28.49399	-2.168532	473.155145921	1.88464012546	-4540.42754126
-47.550017	28.490554	-2.457840	473.404947754	2.216846546	-4531.81236532
-47.533332	28.487119	-2.880864	473.761124681	2.63363340296	-4533.16329747
-47.516646	28.483684	-3.575095	473.380194346	2.29210832331	-4549.94145045
-47.499961	28.480249	-4.657444	473.276677878	2.21101548097	-4586.55248831
-47.483276	28.476814	-6.232213	473.993774905	2.93515217477	-4646.07581268
-47.466591	28.473378	-8.216742	474.801176678	3.74127769239	-4715.56653402
-47.449905	28.469943	-10.547742	475.404913144	4.33955513583	-4783.17002632
-47.43322	28.466508	-12.985008	475.372456527	4.30492680145	-4836.33761147
-47.416535	28.463073	-15.349721	473.845504943	2.7834707512	-4861.23106813
-47.39985	28.459638	-17.387947	471.40099831	0.359103688743	-4858.33428759
-47.383164	28.456202	-18.891792	468.321051491	-2.68098967699	-4825.49608256
-47.366479	28.452767	-19.767193	465.327187178	-5.60967264003	-4775.58595096
-47.349794	28.449332	-19.920935	463.355906835	-7.48531494885	-4719.45146976
-47.333109	28.445897	-19.518428	462.37271428	-8.33873155689	-4669.0413638
-47.316423	28.442462	-18.674019	462.522880744	-8.02007833331	-4637.56640985
-47.299738	28.439026	-17.723058	463.447538381	-6.88605095932	-4625.88065967
-47.283053	28.435591	-16.963394	464.930307869	-5.14842555835	-4638.69134206
-47.266368	28.432156	-16.574960	466.334514297	-3.4423226153	-4668.15078222
-47.249682	28.428721	-16.741698	466.9615417	-2.46155168035	-4707.61702619
-47.232997	28.425286	-17.360303	467.249452349	-1.76839380875	-4749.79625098
-47.216312	28.42185	-18.371902	467.307258113	-1.2508654226	-4784.99179364
-47.199627	28.418415	-19.514968	466.964235188	-1.08174747071	-4810.94553342
-47.182941	28.41498	-20.534796	465.8901626	-1.59014120118	-4821.09634444
-47.166256	28.411545	-21.227755	464.517036714	-2.34899071118	-4817.02965982
-47.149571	28.40811	-21.378279	463.542560846	-2.66375306155	-4799.31502088
-47.132886	28.404674	-21.009187	462.782636695	-2.72460279458	-4770.91148855
-47.1162	28.401239	-20.131917	462.117094165	-2.65676109518	-4738.48945374
-47.099515	28.397804	-18.888802	461.508470666	-2.50481524279	-4701.98306204
-47.08283	28.394369	-17.425923	461.068092528	-2.16431133632	-4665.25503029
-47.066145	28.390934	-15.853814	460.614988696	-1.82235353389	-4628.60277033
-47.049459	28.387498	-14.310292	459.715648564	-1.91938748999	-4592.09899811
-47.032774	28.384063	-12.795193	459.186374535	-1.64408771248	-4560.14571755
-47.016089	28.380628	-11.299878	459.912231949	-0.116122699651	-4536.3590735
-46.999404	28.377193	-9.763209	461.55729546	2.32472133153	-4519.28233743
-46.982718	28.373758	-8.072780	464.253597989	5.80769558198	-4507.33423451
-46.966033	28.370322	-6.241695	465.994022454	8.32236500958	-4482.72836119
-46.949348	28.366887	-4.224613	464.355785538	7.44467176256	-4422.83775534
-46.932663	28.363452	-2.095243	461.70997221	5.54264654522	-4350.49765396
-46.915977	28.360017	0.099661	459.907837004	4.46623043194	-4290.2153133
-46.899292	28.356582	2.276159	460.104922766	5.36873730002	-4252.43510235
-46.882607	28.353146	4.365381	464.796760205	10.7452656374	-4261.21927634
-46.865922	28.349711	6.283058	467.841165928	14.4526450021	-4253.2868339
-46.849236	28.346276	7.992129	463.084736135	10.3382166923	-4160.95586542
-46.832551	28.342841	9.392722	457.060167445	4.93572622929	-4045.27891198
-46.815866	28.339406	10.477699	452.881835862	1.36134225342	-3919.7107343
-46.799181	28.33597	11.134831	450.239355613	-0.691910966658	-3828.78793627
-46.782495	28.332535	11.335625	450.471601466	0.11813626537	-3817.47394766
-46.76581	28.3291	10.974060	451.305686384	1.52239553579	-3840.04192443
-46.749125	28.325665	9.964671	451.738928017	2.5221235048	-3887.3908125
-46.73244	28.32223	8.375814	451.700132177	3.05065743069	-3941.40689388
-46.715754	28.318794	6.153603	450.790904001	2.71344902662	-3988.41255118
-46.699069	28.315359	3.592151	449.239206829	1.74163134562	-4027.78746144
-46.682384	28.311924	0.752049	446.861163629	-0.0460380443972	-4055.33448488
-46.665699	28.308489	-1.914575	443.895640064	-2.41098376114	-4068.54662281
-46.649013	28.305054	-4.196172	440.616828475	-5.07987534638	-4066.0934345
-46.632328	28.301618	-5.696686	437.717923972	-7.36327113576	-4046.10966378
-46.615643	28.298183	-6.124801	435.738871253	-8.72417425298	-4006.94718991
-46.598958	28.294748	-5.430153	434.179213266	-9.66950475249	-3951.30099305
-46.582272	28.291313	-3.462538	432.799318942	-10.4446443129	-3880.3952912
-46.565587	28.287878	-0.633944	432.175835908	-10.4810504019	-3804.21787263
-46.548902	28.284442	2.882425	432.699020825	-9.39574588187	-3728.42612443
-46.532217	28.281007	6.529866	434.026561936	-7.53669595865	-3666.50492796
-46.515531	28.277572	9.939741	436.154060472	-4.91419985209	-3628.08842198
-46.498846	28.274137	12.805392	438.497213158	-2.11587971082	-3612.86087345
-46.482161	28.270702	14.862134	440.252809778	0.051654030191	-3621.56655038
-46.465476	28.267266	16.205120	441.685744158	1.85501266655	-3643.74586545
-46.44879	28.263831	16.846689	442.961730603	3.46062079639	-3669.96677783
-46.432105	28.260396	17.087113	444.079931754	4.87280054301	-3693.8210184
-46.41542	28.256961	17.132737	444.727725264	5.78235435029	-3707.40240795
-46.398735	28.253526	17.203675	444.693322249	5.98379519362	-3699.63082129
-46.382049	28.25009	17.507176	445.048426941	6.5545786546	-3675.74993608
-46.365364	28.246655	18.005853	444.803258326	6.51100400095	-3636.48783365
-46.348679	28.24322	18.724345	442.873146944	4.77433320706	-3576.01996163
-46.331994	28.239785	19.467937	441.693724195	3.78509995036	-3532.08316929
-46.315308	28.23635	20.109399	441.775747873	4.05941361872	-3518.57046821
-46.298623	28.232914	20.503738	442.648918014	5.1298623671	-3531.42661799
-46.281938	28.229479	20.534764	445.028229889	7.71566933657	-3581.76574916
-46.265253	28.226044	20.206679	446.308946004	9.21328763034	-3619.10680107
-46.248567	28.222609	19.516047	445.050233305	8.18459022585	-3614.68422164
-46.231882	28.219174	18.559521	443.114243875	6.4906618552	-3595.70363301
-46.215197	28.215738	17.444183	441.011854569	4.64257326984	-3567.45132899
-46.198512	28.212303	16.219549	438.933434992	2.82948450076	-3541.41553762
-46.181826	28.208868	14.965677	437.010609126	1.18182000934	-3521.73747673
-46.165141	28.205433	13.642539	435.125955101	-0.420449475848	-3513.09126545
-46.148456	28.201998	12.208485	433.150290985	-2.11031869913	-3515.88332614
-46.131771	28.198562	10.645324	431.843607738	-3.1290003503	-3540.78747154
-46.115085	28.195127	8.838099	431.693941308	-2.99013948167	-3601.22756551
-46.0984	28.191692	7.029693	432.094822259	-2.30246761313	-3673.9892093
-46.081715	28.188257	5.247585	433.085534605	-1.03104924553	-3755.72639309
-46.06503	28.184822	3.889876	433.721363832	-0.12332571274	-3816.96931137
-46.048344	28.181386	3.165220	433.437866644	-0.148828107228	-3838.01427757
-46.031659	28.177951	3.204069	432.692845464	-0.655108361251	-3823.22234868
-46.014974	28.174516	4.168103	431.06884062	-2.06621266156	-3762.7570447
-45.998289	28.171081	5.725144	429.386444714	-3.5653947625	-3682.43172234
-45.981603	28.167646	7.757398	428.697558328	-4.10700179937	-3604.17731253
-45.964918	28.164211	9.711017	428.932661269	-3.75985238192	-3546.50599526
-45.948233	28.160775	11.224959	430.391259792	-2.22689054655	-3529.08504457
-45.931548	28.15734	11.935630	432.519654898	-0.0549063600326	-3555.49880839
-45.914862	28.153905	11.422513	434.346387764	1.78458668785	-3633.32347052
-45.898177	28.15047	9.864037	436.739293461	4.17097074156	-3753.92711933
-45.881492	28.147035	7.179336	441.505255392	8.91559037121	-3913.88306198
-45.864807	28.143599	3.946515	445.685246716	13.0739863082	-4062.14623141
-45.848121	28.140164	0.483877	444.923974581	12.2995175903	-4143.81314966
-45.831436	28.136729	-2.653942	441.908033625	9.28957380901	-4181.48637339
-45.814751	28.133294	-4.974513	438.74239986	6.15811000889	-4189.56105296
-45.798066	28.129859	-6.359515	436.890832508	4.37343149794	-4180.07520399
-45.78138	28.126423	-6.489789	438.874225661	6.46285321855	-4170.35415895
-45.764695	28.122988	-5.784036	440.271943221	8.00389847071	-4132.72594976
-45.74801	28.119553	-4.261118	436.5496742	4.46485034836	-4028.7055518
-45.731325	28.116118	-2.574608	431.807693046	-0.0600731847862	-3909.03858
-45.714639	28.112683	-1.043160	429.554914838	-2.06291955602	-3809.5420164
-45.697954	28.109247	-0.083965	429.534932828	-1.80534310269	-3769.49541882
-45.681269	28.105812	-0.030554	434.70663023	3.66975060902	-3865.57028593
-45.664584	28.102377	-0.802383	440.73120099	10.0218007654	-4003.49394012
-45.647898	28.098942	-2.503191	442.935819331	12.5766708591	-4102.24954899
-45.631213	28.095507	-4.699652	442.256734887	12.2718001986	-4160.11469023
-45.614528	28.092071	-7.241522	436.949345511	7.36279866351	-4146.23860217
-45.597843	28.088636	-9.682017	430.674568923	1.51302451452	-4103.18565858
-45.581157	28.085201	-11.784395	426.415095107	-2.29356110441	-4060.54262698
-45.564472	28.081766	-13.361303	423.174278525	-5.0535221877	-4017.23677187
-45.547787	28.078331	-14.283570	420.731740429	-6.98687646586	-3978.10613058
-45.531102	28.074895	-14.605026	419.688478288	-7.49435965711	-3948.78992191
-45.514416	28.07146	-14.342050	420.805189283	-5.81583900504	-3943.18162206
-45.497731	28.068025	-13.601385	421.195656624	-4.84187713348	-3924.81320158
-45.481046	28.06459	-12.448214	419.281784242	-6.15208769865	-3875.44340458
-45.464361	28.061155	-10.975967	417.970033275	-6.84490660843	-3822.82539222
-45.447675	28.057719	-9.198242	418.332079745	-5.85077169009	-3771.69261458
-45.43099	28.054284	-7.302497	418.756270762	-4.78576928762	-3727.23257218
-45.414305	28.050849	-5.294116	418.543253291	-4.35129948735	-3688.50358186
-45.39762	28.047414	-3.434481	418.805278917	-3.43807649501	-3664.43847143
-45.380934	28.043979	-1.794459	420.195832361	-1.39350393024	-3662.2214047
-45.364249	28.040543	-0.581240	421.767925505	0.834604505368	-3674.37295294
-45.347564	28.037108	0.077866	423.016644886	2.74037278233	-3694.47628388
-45.330879	28.033673	0.171128	423.539484305	3.92268761337	-3713.14687269
-45.314193	28.030238	-0.405835	423.206813235	4.25198785537	-3728.3575735
-45.297508	28.026803	-1.441442	422.434489662	4.14737504371	-3746.70909865
-45.280823	28.023367	-2.937435	421.208962036	3.59595725135	-3772.39462857
-45.264138	28.019932	-4.606609	420.010212355	3.08214113157	-3797.39678779
-45.247452	28.016497	-6.365832	419.11420557	2.88284780232	-3820.2124446
-45.230767	28.013062	-8.063793	418.142573879	2.62525427454	-3841.28642306
-45.214082	28.009627	-9.614085	416.712494228	1.92891381747	-3860.34731624
-45.197397	28.006191	-11.038846	415.19263593	1.16768945803	-3875.59239357
-45.180711	28.002756	-12.298477	414.010002556	0.770603262252	-3885.69630764
-45.164026	27.999321	-13.464574	412.603647932	0.180866249346	-3888.93310203
-45.147341	27.995886	-14.536575	410.71649057	-0.855490899899	-3882.75087234
-45.130656	27.992451	-15.437029	408.570255104	-2.11690047213	-3867.78319458
-45.11397	27.989015	-16.150664	406.255530399	-3.51143313444	-3843.72636651
-45.097285	27.98558	-16.394034	404.034618638	-4.78090812515	-3809.70940411
-45.0806	27.982145	-16.076757	401.877304453	-5.95541820353	-3768.26980772
-45.063915	27.97871	-14.921784	400.288514791	-6.53873846543	-3714.80376556
-45.047229	27.975275	-12.794712	399.615208503	-6.18626591888	-3650.71926827
-45.030544	27.971839	-9.761090	399.098542944	-5.66708205826	-3571.39388548
-45.013859	27.968404	-5.754632	398.605203593	-5.11771566499	-3473.12604099
-44.997174	27.964969	-1.380132	398.365036767	-4.31826297907	-3367.46298804
-44.980488	27.961534	3.225980	398.199551704	-3.45106983965	-3251.73361115
-44.963803	27.958099	7.212882	398.293724893	-2.33796835427	-3158.35469757
-44.947118	27.954663	10.248161	398.771891665	-0.858077367654	-3097.16043342
-44.930433	27.951228	11.886295	399.384077743	0.737999522267	-3082.89963199
-44.913747	27.947793	11.844854	399.977815077	2.29660275527	-3125.99955099
-44.897062	27.944358	10.469321	400.2417741	3.5106005182	-3196.4485203
-44.880377	27.940923	7.761313	400.277640112	4.48258164281	-3289.02205117
-44.863692	27.937487	4.655419	399.695612519	4.82828764979	-3371.06250374
-44.847006	27.934052	1.462635	398.144361805	4.19791982478	-3429.10130522
-44.830321	27.930617	-0.941928	396.074649375	3.04735119482	-3455.34701608
-44.813636	27.927182	-2.151225	393.616368702	1.50855450854	-3442.77218255
-44.796951	27.923747	-1.894828	391.591570349	0.404212729749	-3400.42960424
-44.780265	27.920311	0.117003	390.319341021	0.0538733275849	-3330.47528047
-44.76358	27.916876	3.399454	389.719990343	0.373454495691	-3242.34196971
-44.746895	27.913441	7.912829	390.156892048	1.72518705952	-3139.86051806
-44.73021	27.910006	12.816763	390.369816642	2.84142571918	-3026.21380175
-44.713524	27.906571	17.796280	389.738700755	3.09918654491	-2901.00888245
-44.696839	27.903135	22.229061	389.115556396	3.34249148941	-2786.24424634
-44.680154	27.8997	25.715600	388.556448173	3.62384348867	-2689.26848839
-44.663469	27.896265	28.290584	388.265975859	4.14181252817	-2626.7651341
-44.646783	27.89283	29.733748	388.211081509	4.86028435243	-2607.69964985
-44.630098	27.889395	30.586442	388.855701111	6.24020774408	-2621.30601843
-44.613413	27.885959	30.893497	390.474118156	8.55407607526	-2670.99648054
-44.596728	27.882524	31.169681	392.210075394	10.9454047643	-2728.09122599
-44.580042	27.879089	31.646759	394.129687898	13.4802862089	-2787.05381683
-44.563357	27.875654	32.346969	396.068276175	15.9953208654	-2828.37530431
-44.546672	27.872219	33.485095	397.913167257	18.3793193423	-2840.92444693
-44.529987	27.868783	34.568670	398.85562286	19.8243567149	-2836.16031563
-44.513301	27.865348	35.618089	398.429771407	19.8658365777	-2809.57614182
-44.496616	27.861913	36.122276	397.803442677	19.6711018552	-2785.58498556
-44.479931	27.858478	35.935935	397.211452158	19.4761162351	-2767.31651909
-44.463246	27.855043	35.108422	396.265500317	18.8914374632	-2758.75665031
-44.44656	27.851607	33.525039	394.431566318	17.3835318512	-2752.10286049
-44.429875	27.848172	31.820547	392.560823578	15.8011241037	-2752.55208887
-44.41319	27.844737	30.040874	391.31427409	14.8053251794	-2774.19405666
-44.396505	27.841302	28.849798	390.383889316	14.0832333841	-2789.03025831
-44.379819	27.837867	28.400591	390.010597149	13.8745486163	-2802.14363136
-44.363134	27.834431	28.824298	390.473577257	14.4528552584	-2808.001648
-44.346449	27.830996	30.226064	392.246492492	16.2899286148	-2809.83328975
-44.329764	27.827561	32.062256	391.546117835	15.5962063994	-2747.09070852
-44.313078	27.824126	34.253127	385.41609024	9.41269159678	-2556.40702437
-44.296393	27.820691	35.985993	381.074076485	4.95666542135	-2399.57871476
-44.279708	27.817255	37.025861	381.449854841	5.15621136929	-2351.69912605
-44.263023	27.81382	36.955394	384.350182917	7.82434224315	-2409.14647583
-44.246337	27.810385	35.596492	391.051986775	14.2386023527	-2602.30670593
-44.229652	27.80695	33.071158	395.686123271	18.5447217959	-2767.35271158
-44.212967	27.803515	29.389499	394.949689024	17.4435589951	-2835.72214639
-44.196282	27.800079	24.865899	393.736749482	15.85216154	-2913.0221729
-44.179596	27.796644	19.647253	393.810892679	15.5407010865	-3028.18498494
-44.162911	27.793209	13.890769	393.719306655	15.0816133398	-3144.17001839
-44.146226	27.789774	7.784833	392.620269885	13.6428420363	-3232.81467362
-44.129541	27.786339	1.419823	390.370069486	11.1043916287	-3322.10166789
-44.112855	27.782903	-5.087964	386.962510496	7.47064949069	-3425.36956209
-44.09617	27.779468	-11.339396	384.122751599	4.48022119331	-3525.64643221
-44.079485	27.776033	-17.256818	382.486487323	2.7764289034	-3627.84634742
-44.0628	27.772598	-21.903517	379.561089214	-0.132630139477	-3679.53774148
-44.046114	27.769163	-25.109151	376.00040316	-3.59009953745	-3680.75910758
-44.029429	27.765727	-25.861566	374.746846238	-4.6678372855	-3656.3058138
-44.012744	27.762292	-23.887673	374.422310378	-4.74652681804	-3588.26840216
-43.996059	27.758857	-19.008160	372.013457548	-6.86492226789	-3449.13319628
-43.979373	27.755422	-11.081974	368.729392945	-9.821494448	-3227.47972274
-43.962688	27.751987	-1.312439	367.691653914	-10.5238952973	-2976.34846888
-43.946003	27.748551	10.058287	369.888551885	-7.99429194906	-2747.80912786
-43.929318	27.745116	21.017055	373.234318009	-4.34563847476	-2552.9787214
-43.912632	27.741681	30.961073	376.451458882	-0.866249848334	-2381.42225298
-43.895947	27.738246	38.391114	378.456452654	1.34332310046	-2243.02104976
-43.879262	27.734811	42.673980	378.96335813	1.98914166339	-2135.59794654
-43.862577	27.731375	43.963039	379.55594613	2.64927195386	-2111.72826663
-43.845891	27.72794	42.033787	380.681967619	3.76765211322	-2195.77799207
-43.829206	27.724505	38.538132	382.942685768	5.9487860272	-2374.75735888
-43.812521	27.72107	33.819389	386.015526269	8.86993003142	-2631.74162637
-43.795836	27.717635	29.698371	390.271893208	12.9103093542	-2855.79780255
-43.77915	27.7142	26.826363	395.763349162	18.1240537562	-3022.91882366
-43.762465	27.710764	25.759793	398.023439446	20.0531390056	-3081.63696122
-43.74578	27.707329	26.942081	397.126152435	18.7753614774	-3026.46586784
-43.729095	27.703894	29.368280	396.793081116	18.0182266025	-2933.11847613
-43.712409	27.700459	32.976602	397.197770829	17.9590575302	-2807.88339504
-43.695724	27.697024	36.219429	398.592839892	18.8540574516	-2721.59559871
-43.679039	27.693588	38.656572	401.03154693	20.7588587623	-2684.24214415
-43.662354	27.690153	39.696360	403.462425298	22.6255896802	-2722.99632262
-43.645668	27.686718	39.027147	405.651579519	24.2231654946	-2872.16856842
-43.628983	27.683283	37.382531	409.617017211	27.5726823661	-3050.71991612
-43.612298	27.679848	34.866093	417.303845316	34.6220569615	-3249.48452635
-43.595613	27.676412	32.530826	420.860962441	37.5229781378	-3354.79137647
-43.578927	27.672977	30.760866	416.687309188	32.6769178679	-3314.75040999
-43.562242	27.669542	29.730561	412.356003101	27.6588480138	-3231.21299032
-43.545557	27.666107	29.677317	409.947782299	24.551618291	-3115.75736314
-43.528872	27.662672	29.850650	408.908981507	22.801779274	-3047.64615294
-43.512186	27.659236	30.123346	409.172898805	22.3434084475	-3043.66937088
-43.495501	27.655801	29.732833	411.001482766	23.437358138	-3118.80162948
-43.478816	27.652366	28.331447	414.864201546	26.5526332412	-3304.58514882
-43.462131	27.648931	25.969252	419.30518687	30.2315736861	-3482.85278589
-43.445445	27.645496	22.390052	423.472979284	33.620597134	-3619.87438965
-43.42876	27.64206	18.528825	421.381449246	30.7318301023	-3651.87593245
-43.412075	27.638625	14.411459	410.952345564	19.4842532371	-3550.00508978
-43.39539	27.63519	11.056087	402.619692164	10.310178272	-3439.4768785
-43.378704	27.631755	8.702394	400.090911766	6.91429775676	-3371.93836518
-43.362019	27.62832	7.518985	399.922632189	5.85428303304	-3337.98989294
-43.345334	27.624884	7.693227	401.570569669	6.58312139816	-3336.27573609
-43.328649	27.621449	8.419420	403.326834741	7.39590330219	-3340.17375518
-43.311963	27.618014	9.679918	404.394339275	7.4932398841	-3334.61596022
-43.295278	27.614579	10.527883	405.664950225	7.77500811208	-3332.68505492
-43.278593	27.611144	10.795268	407.297471685	8.39904747076	-3331.07377773
-43.261908	27.607708	10.271722	408.654252739	8.74085706137	-3351.83114092
-43.245222	27.604273	8.822075	409.439514069	8.50527665941	-3400.80976935
-43.228537	27.600838	7.088597	410.696335377	8.75119858778	-3470.06812713
-43.211852	27.597403	5.105671	412.741917121	9.79833734253	-3565.02009556
-43.195167	27.593968	3.645644	415.37294616	11.4574990537	-3663.09298247
-43.178481	27.590532	2.863021	419.085369792	14.2267717722	-3769.14583557
-43.161796	27.587097	2.864235	422.893819979	17.128351303	-3846.07169578
-43.145111	27.583662	3.771671	426.734822198	20.1009065734	-3882.60099078
-43.128426	27.580227	4.985809	427.309980889	19.8449797099	-3851.25397713
-43.11174	27.576792	6.520434	422.419872247	14.1618680039	-3725.89074299
-43.095055	27.573356	7.696082	418.166880886	9.14657741484	-3598.04237972
-43.07837	27.569921	8.470178	416.560323826	6.80799264898	-3482.88412543
-43.061685	27.566486	8.681235	415.843977837	5.3794609999	-3417.67956264
-43.044999	27.563051	8.270990	415.728251333	4.56913202334	-3415.20428551
-43.028314	27.559616	7.642521	416.059128632	4.21446984721	-3438.94987279
-43.011629	27.55618	6.819792	417.037819276	4.51377116978	-3490.40920811
-42.994944	27.552745	6.305634	418.77084233	5.5691276259	-3543.16907655
-42.978258	27.54931	6.109459	420.762135148	6.88216197801	-3584.73376102
-42.961573	27.545875	6.318319	422.147723036	7.58884738832	-3614.64120585
-42.944888	27.54244	6.863437	422.777923506	7.53838499256	-3633.49035963
-42.928203	27.539004	7.497741	424.506546647	8.58813845727	-3667.32610876
-42.911517	27.535569	8.133180	428.134142827	11.5397154554	-3732.70126148
-42.894832	27.532134	8.601856	431.11865402	13.8552646909	-3782.23904647
-42.878147	27.528699	8.903936	432.52226622	14.5984852309	-3801.17181955
-42.861462	27.525264	9.139452	433.345976599	14.7746142432	-3809.0397063
-42.844776	27.521828	9.428265	434.229448404	15.0267851927	-3808.3914948
-42.828091	27.518393	9.904096	435.903570207	16.0892094693	-3823.70507973
-42.811406	27.514958	10.712311	437.985973438	17.5835219308	-3848.00859209
-42.794721	27.511523	11.638678	440.177043334	19.2120866818	-3870.4990607
-42.778035	27.508088	12.696819	442.242071564	20.7437682105	-3884.69878756
-42.76135	27.504652	13.265343	442.492914523	20.4924802523	-3878.1113948
-42.744665	27.501217	13.173590	441.109699544	18.6412428758	-3859.05982511
-42.72798	27.497782	11.972500	439.388220261	16.4864436574	-3846.94277174
-42.711294	27.494347	9.488073	437.728899408	14.4302844307	-3849.17096115
-42.694609	27.490912	6.064861	436.168536244	12.5083320844	-3895.32592457
-42.677924	27.487476	1.697651	434.43930563	10.4527968804	-3989.44789588
-42.661239	27.484041	-2.622130	434.342305542	10.0616085946	-4093.60084549
-42.644553	27.480606	-6.656119	436.08529354	11.5406204842	-4201.93056334
-42.627868	27.477171	-9.570435	435.006627373	10.2211722293	-4229.8759417
-42.611183	27.473736	-11.077139	429.974033144	4.9672164881	-4161.78046211
-42.594498	27.4703	-11.185183	420.26807452	-4.94906058878	-3978.97711665
-42.577812	27.466865	-9.805334	406.649705596	-18.7723728388	-3661.42509544
-42.561127	27.46343	-7.727723	400.141503976	-25.4859736304	-3404.77569136
-42.544442	27.459995	-5.135924	402.324770259	-23.5129361569	-3245.37964327
-42.527757	27.45656	-2.898556	406.629203553	-19.4272898287	-3236.5943813
-42.511071	27.453124	-1.429648	412.033359286	-14.2560541651	-3410.29078845
-42.494386	27.449689	-0.772580	418.697592762	-7.83801780267	-3613.74171652
-42.477701	27.446254	-1.238677	426.842260528	0.04422485614	-3823.40305395
-42.461016	27.442819	-1.941287	432.470364213	5.39734221689	-3963.90349154
-42.44433	27.439384	-2.879284	434.259128281	6.89762801594	-4025.23265416
-42.427645	27.435948	-3.158702	432.761567859	5.10199180182	-4028.0633986
-42.41096	27.432513	-2.559707	430.514907509	2.54997530177	-3993.8416137
-42.394275	27.429078	-1.079275	432.536252803	4.25899162688	-3998.46020574
-42.377589	27.425643	1.481063	437.131083352	8.53721366883	-4029.00137821
-42.360904	27.422208	4.158579	443.427798388	14.5114314638	-4073.42226723
-42.344219	27.418772	7.037083	450.631559132	21.3899948016	-4113.89660397
-42.327534	27.415337	9.015307	451.929011928	22.3565796564	-4106.94818671
-42.310848	27.411902	10.084506	448.550970305	18.6453574383	-4064.82247376
-42.294163	27.408467	9.857629	446.181555628	15.9393918183	-4047.46365063
-42.277478	27.405032	8.337736	445.563042794	14.9830034778	-4061.13055427
-42.260793	27.401596	6.028751	445.40810883	14.4932482485	-4092.49635616
-42.244107	27.398161	2.984572	444.726028164	13.4811101591	-4129.2688441
-42.227422	27.394726	-0.007413	443.714502798	12.1505920174	-4160.92848243
-42.210737	27.391291	-2.831625	442.235531649	10.3643389365	-4184.67772746
-42.194052	27.387856	-4.893199	441.13458043	8.97507353376	-4198.3252335
-42.177366	27.38442	-6.117957	441.206359949	8.77694110439	-4209.10335063
-42.160681	27.380985	-6.488086	441.12627251	8.45068626702	-4198.95097401
-42.143996	27.37755	-6.045549	440.517032924	7.61852086693	-4164.91938646
-42.127311	27.374115	-5.196532	439.783846115	6.68658072644	-4117.56873661
-42.110625	27.37068	-4.068445	438.862017311	5.58875683819	-4058.72120282
-42.09394	27.367244	-3.100970	437.6785921	4.25143987715	-4001.49544779
-42.077255	27.363809	-2.421322	436.354411284	2.79499703205	-3950.81853363
-42.06057	27.360374	-2.195066	435.518592647	1.84473475872	-3925.57085538
-42.043884	27.356939	-2.502480	435.113976288	1.34272818759	-3929.92097554
-42.027199	27.353504	-3.286323	435.235554929	1.37996060079	-3969.42187262
-42.010514	27.350068	-4.565906	435.720079281	1.793425227	-4045.1292823
-41.993829	27.346633	-6.119043	436.921123753	2.93119385794	-4136.54527045
-41.977143	27.343198	-7.893379	439.435579576	5.39083235873	-4237.65123069
-41.960458	27.339763	-9.533432	441.461031679	7.36189153776	-4316.28227837
-41.943773	27.336328	-10.925342	442.149092729	7.99673311021	-4361.92697363
-41.927088	27.332892	-11.714332	441.074398946	6.85709470177	-4359.4328153
-41.910402	27.329457	-11.784107	438.07248242	3.77989097069	-4302.4181375
-41.893717	27.326022	-10.954224	434.118909714	-0.275665443507	-4202.97805163
-41.877032	27.322587	-9.122068	429.646174005	-4.87786977685	-4062.8222613
-41.860347	27.319152	-6.458960	426.295967959	-8.40484343476	-3911.18463317
-41.843661	27.315716	-2.953258	424.433927121	-10.4929232192	-3756.25489184
-41.826976	27.312281	0.781399	424.179645469	-11.0390412589	-3622.49447829
-41.810291	27.308846	4.635165	425.544843406	-10.0345228841	-3517.10995847
-41.793606	27.305411	7.825896	427.457819387	-8.55640554782	-3454.14244704
-41.77692	27.301976	10.176319	429.75885369	-6.76611504727	-3437.64494015
-41.760235	27.29854	11.306751	432.412086876	-4.69033491135	-3468.96945587
-41.74355	27.295105	11.118438	435.322887857	-2.42171505799	-3547.73020798
-41.726865	27.29167	9.904727	438.279106288	-0.147734086356	-3662.654361
-41.710179	27.288235	7.619648	441.227361662	2.07929199985	-3813.43520008
-41.693494	27.2848	5.020207	444.619859863	4.74497328001	-3971.49122969
-41.676809	27.281365	2.169427	448.450935189	7.84566956203	-4134.75539973
-41.660124	27.277929	-0.274731	452.131499987	10.826028897	-4268.63883795
-41.643438	27.274494	-2.215409	455.932666431	13.9593994427	-4369.75199231
-41.626753	27.271059	-3.461213	457.447990146	14.8664848957	-4424.1246131
-41.610068	27.267624	-3.956044	456.227053994	13.0980142319	-4427.13498178
-41.593383	27.264189	-3.989338	455.018384797	11.418429714	-4414.32520603
-41.576697	27.260753	-3.579436	453.795659181	9.80280711379	-4385.23048558
-41.560012	27.257318	-3.168089	453.815544876	9.51226203505	-4373.57777337
-41.543327	27.253883	-2.814811	455.093597248	10.5609217658	-4382.39487831
-41.526642	27.250448	-2.686700	456.196891465	11.5119797452	-4400.43555482
-41.509956	27.247013	-2.826873	457.471752998	12.7100666651	-4433.43441345
-41.493271	27.243577	-3.072834	458.789943665	14.0189147635	-4468.92079098
-41.476586	27.240142	-3.432229	460.089072057	15.3747418954	-4508.70839379
-41.459901	27.236707	-3.672772	461.268353451	16.6648217932	-4542.68964561
-41.443215	27.233272	-3.768566	462.378163488	17.9390360584	-4569.02391319
-41.42653	27.229837	-3.644916	462.583955158	18.3507581821	-4572.71639572
-41.409845	27.226401	-3.278230	461.727555184	17.7427266188	-4551.11867518
-41.39316	27.222966	-2.709952	459.89812152	16.188466179	-4509.53511587
-41.376474	27.219531	-1.876243	457.122103592	13.7143883133	-4445.60617993
-41.359789	27.216096	-0.810555	454.579552502	11.4836047811	-4370.96840303
-41.343104	27.212661	0.570702	452.116517556	9.34223692956	-4283.10102053
-41.326419	27.209225	2.330463	449.730738869	7.27106999842	-4189.18644899
-41.309733	27.20579	4.535633	447.587982468	5.43531805783	-4088.41978057
-41.293048	27.202355	7.217570	445.790978312	3.9223563445	-3983.1787202
-41.276363	27.19892	10.381842	444.495358374	2.88703003875	-3875.47045078
-41.259678	27.195485	13.839959	443.549235779	2.16710309398	-3762.09075158
-41.242992	27.192049	17.544266	442.922592684	1.73272809281	-3645.32187476
-41.226307	27.188614	21.045684	442.259916353	1.21758491338	-3530.64874509
-41.209622	27.185179	24.274344	441.495574296	0.554835758241	-3419.27154807
-41.192937	27.181744	26.765546	440.576680234	-0.31565992553	-3326.04623138
-41.176251	27.178309	28.487392	439.479725952	-1.41876343323	-3249.76672713
-41.159566	27.174873	29.301993	438.464009263	-2.49748906883	-3204.01771183
-41.142881	27.171438	29.228388	437.478939448	-3.60459540406	-3187.27044354
-41.126196	27.168003	28.553861	436.910054009	-4.35203256809	-3195.6212346
-41.10951	27.164568	27.325266	436.877771213	-4.62057814378	-3228.66397783
-41.092825	27.161133	26.054880	436.703781927	-5.07967298803	-3260.35121952
-41.07614	27.157697	24.764848	436.32409993	-5.79489773782	-3290.99325937
-41.059455	27.154262	23.834964	436.201435621	-6.29468430621	-3306.01128602
-41.042769	27.150827	23.214006	436.406851167	-6.50973499553	-3307.61595061
-41.026084	27.147392	22.991145	436.660765411	-6.71290669498	-3307.17479655
-41.009399	27.143957	23.056860	436.811360602	-7.05750062207	-3307.98555884
-40.992714	27.140521	23.321023	438.027070765	-6.37029818287	-3322.34368694
-40.976028	27.137086	23.699539	440.63871895	-4.32179036338	-3352.11723968
-40.959343	27.133651	24.092066	443.060932069	-2.49464983649	-3386.34554007
-40.942658	27.130216	24.491718	444.965208611	-1.21670083214	-3423.0252974
-40.925973	27.126781	24.732506	446.604965874	-0.232175013002	-3449.16324815
-40.909287	27.123345	24.842642	448.100978158	0.581262433499	-3462.32923455
-40.892602	27.11991	24.522369	449.256895105	1.03148486996	-3476.87059387
-40.875917	27.116475	23.821506	449.931346894	0.979858651679	-3492.92405967
-40.859232	27.11304	22.472347	450.587076595	0.89661579082	-3537.34235176
-40.842546	27.109605	20.526706	451.301247383	0.862412609375	-3610.54379198
-40.825861	27.106169	18.000689	452.550060748	1.36489817925	-3718.66977611
-40.809176	27.102734	14.941888	454.338138842	2.41206756811	-3859.32573433
-40.792491	27.099299	11.739272	456.540366722	3.89225784642	-4009.53003195
-40.775805	27.095864	8.416004	459.245327736	5.89624491311	-4165.05738662
-40.75912	27.092429	5.546424	462.892698015	8.87523013297	-4298.2769785
-40.742435	27.088993	3.160722	466.622708615	11.9709732442	-4400.91692679
-40.72575	27.085558	1.665757	467.16998478	11.9259483018	-4438.63783679
-40.709064	27.082123	1.036700	463.713919685	7.91986751911	-4408.03453791
-40.692379	27.078688	1.272297	460.217433563	3.91690188267	-4350.78188839
-40.675694	27.075253	2.299659	459.420991947	2.65645705468	-4292.84155942
-40.659009	27.071817	3.791551	460.451058826	3.26023483678	-4255.50484172
-40.642323	27.068382	5.685706	463.042015974	5.46125673763	-4246.48083292
-40.625638	27.064947	7.574042	465.087166004	7.14348612719	-4247.78934824
-40.608953	27.061512	9.410751	465.970439488	7.689389304	-4253.80124608
-40.592268	27.058077	10.877029	469.221543295	10.6171162424	-4295.71137068
-40.575582	27.054641	12.037697	475.203082006	16.2877318635	-4369.46728762
-40.558897	27.051206	12.790142	479.872722791	20.6465572017	-4420.33737316
-40.542212	27.047771	13.257586	482.479280917	22.940515492	-4438.57022496
-40.525527	27.044336	13.483873	480.944982748	21.0809614764	-4406.88451891
-40.508841	27.040901	13.568164	475.83907585	15.6346577931	-4330.70862331
-40.492156	27.037465	13.485177	471.280647243	10.7118998111	-4253.73108569
-40.475471	27.03403	13.225119	468.048090597	7.08861918158	-4182.94375735
-40.458786	27.030595	12.682723	467.408948816	6.02803312957	-4144.36377437
-40.4421	27.02716	11.735255	468.129158198	6.2936930409	-4124.76459293
-40.425415	27.023725	10.402445	466.314573292	3.99225026168	-4085.65239148
-40.40873	27.020289	8.542227	460.849921304	-1.9930703353	-4013.9880773
-40.392045	27.016854	6.409113	456.145544513	-7.24572023863	-4001.52978496
-40.375359	27.013419	3.928352	453.789020995	-10.1778574875	-4092.45586102
-40.358674	27.009984	1.495430	459.944608163	-4.61578658781	-4256.47044976
-40.341989	27.006549	-0.860001	478.069010997	12.8990009454	-4495.37831504
-40.325304	27.003113	-2.866664	483.671037207	17.8881290826	-4600.15794145
-40.308618	26.999678	-4.429700	470.782045001	4.38602264854	-4527.80591539
-40.291933	26.996243	-5.580411	461.274725376	-5.72137683078	-4444.1553993
-40.275248	26.992808	-6.223138	457.418683795	-10.16098614	-4355.92353171
-40.258563	26.989373	-6.682545	457.99022877	-10.1433654821	-4332.63210144
-40.241877	26.985937	-6.924074	463.282346852	-5.37158896897	-4382.69830224
-40.225192	26.982502	-7.268740	466.286949235	-2.84214586756	-4436.71413342
-40.208507	26.979067	-7.733558	466.471413963	-3.08535667506	-4494.42222993
-40.191822	26.975632	-8.394531	467.521056182	-2.40823700368	-4565.55507563
-40.175136	26.972197	-9.277954	469.770666415	-0.474913679748	-4650.41825811
-40.158451	26.968761	-10.106853	472.357397213	1.85324796696	-4719.24035873
-40.141766	26.965326	-10.861084	475.227030637	4.52108863069	-4769.20660163
-40.125081	26.961891	-11.069137	475.495460999	4.63933134992	-4776.44594334
-40.108395	26.958456	-10.670872	473.046120307	2.0897160671	-4737.36700213
-40.09171	26.955021	-9.433425	471.008624843	-0.0108939582682	-4668.03245064
-40.075025	26.951585	-7.311032	469.375883257	-1.67266494308	-4566.13766325
-40.05834	26.94815	-4.530439	467.340931953	-3.71945163461	-4442.61041507
-40.041654	26.944715	-1.126533	464.986616318	-6.07220753663	-4302.27445346
-40.024969	26.94128	2.337923	464.188582158	-6.87437108221	-4179.93954812
-40.008284	26.937845	5.757510	465.383834243	-5.69252292993	-4083.44346284
-39.991599	26.934409	8.589190	466.770440359	-4.34459163297	-4027.46459107
-39.974913	26.930974	10.742234	468.169362475	-3.01182484088	-4014.05719829
-39.958228	26.927539	12.104798	469.498625728	-1.78614984417	-4014.35504283
-39.941543	26.924104	12.627688	470.625270848	-0.801732105561	-4028.09322151
-39.924858	26.920669	12.590835	471.040112884	-0.575918859773	-4040.8587937
-39.908172	26.917233	12.006753	470.582592908	-1.26930676883	-4050.47760483
-39.891487	26.913798	11.284324	470.029175735	-2.10786941987	-4053.45341323
-39.874802	26.910363	10.453432	469.545453117	-2.92505721892	-4046.71586824
-39.858117	26.906928	9.607532	469.470456988	-3.37925758171	-4045.59943734
-39.841431	26.903493	8.763335	469.877391861	-3.3955999376	-4052.73234165
-39.824746	26.900057	7.818357	470.348381186	-3.38465716667	-4085.11461374
-39.808061	26.896622	6.778885	470.879312999	-3.34901261113	-4144.91814121
-39.791376	26.893187	5.588401	471.916815577	-2.82816840137	-4220.64914727
-39.77469	26.889752	4.238938	473.734544215	-1.54702842687	-4309.71788834
-39.758005	26.886317	2.829129	476.117680294	0.297862692644	-4389.16710959
-39.74132	26.882881	1.374480	478.495116807	2.13593810932	-4454.51247564
-39.724635	26.879446	0.153404	478.903929079	2.02271865692	-4488.41458696
-39.707949	26.876011	-0.798036	477.471605976	0.0855233389863	-4490.58225016
-39.691264	26.872576	-1.231519	476.27994434	-1.58015989819	-4471.34966221
-39.674579	26.869141	-1.129587	475.431031517	-2.87330567677	-4434.55904998
-39.657894	26.865705	-0.528893	475.197027267	-3.5160874129	-4405.99773072
-39.641208	26.86227	0.540208	475.593103492	-3.49565468581	-4388.65072844
-39.624523	26.858835	1.753215	476.567236347	-2.86948680445	-4393.30660073
-39.607838	26.8554	3.087234	478.127873004	-1.63038857187	-4421.30231845
-39.591153	26.851965	4.195472	480.150973814	0.0856366529111	-4453.47227572
-39.574467	26.848529	5.072883	482.647328092	2.28896517877	-4487.5715506
-39.557782	26.845094	5.580770	484.130614832	3.47679078958	-4496.24899238
-39.541097	26.841659	5.755791	484.433835407	3.48240327253	-4468.89833033
-39.524412	26.838224	5.691516	483.903538851	2.63867037748	-4425.2003414
-39.507726	26.834789	5.437902	482.60535921	1.01222172009	-4364.66868123
-39.491041	26.831354	5.109641	481.55045983	-0.394593254462	-4331.88846337
-39.474356	26.827918	4.736658	481.299669528	-1.02071998395	-4337.89067355
-39.457671	26.824483	4.291944	481.401076729	-1.31699345138	-4376.88942375
-39.440985	26.821048	3.781158	481.695604674	-1.44048532679	-4446.39383498
-39.4243	26.817613	3.104499	483.885511041	0.319567918458	-4516.66995152
-39.407615	26.814178	2.233197	487.899073581	3.89288681685	-4584.25322011
-39.39093	26.810742	1.149078	489.742712578	5.29944625972	-4623.22830219
-39.374244	26.807307	-0.184549	488.545549096	3.66908058953	-4628.79611581
-39.357559	26.803872	-1.596181	486.09539999	0.802244527335	-4624.22101903
-39.340874	26.800437	-3.106873	482.881555219	-2.81193545162	-4616.24473877
-39.324189	26.797002	-4.407921	482.001178071	-4.06870413257	-4632.36905683
-39.307503	26.793566	-5.495954	484.959582518	-1.46378524783	-4686.68353421
-39.290818	26.790131	-6.118871	485.286716072	-1.46914543101	-4701.60945842
-39.274133	26.786696	-6.297474	481.772315968	-5.29604102039	-4663.60274917
-39.257448	26.783261	-6.024359	479.614165249	-7.75381596127	-4601.20109987
-39.240762	26.779826	-5.342834	477.97855655	-9.67733610221	-4502.14582041
-39.224077	26.77639	-4.593160	478.391662291	-9.54947591592	-4444.2307664
-39.207392	26.772955	-3.829866	480.355367702	-7.86898393036	-4428.45714814
-39.190707	26.76952	-3.475953	480.627406915	-7.88009254737	-4445.64798789
-39.174021	26.766085	-3.541628	479.626617751	-9.16352505989	-4500.48427573
-39.157336	26.76265	-4.120373	482.825386742	-6.24018570552	-4590.16678364
-39.140651	26.759214	-5.157545	489.562073137	0.2289594484	-4713.99432405
-39.123966	26.755779	-6.291008	489.040918746	-0.537484097353	-4794.90827101
-39.10728	26.752344	-7.446485	484.351020275	-5.44978404816	-4850.49333014
-39.090595	26.748909	-8.026939	486.340246876	-3.64718043088	-4956.13743629
-39.07391	26.745474	-8.000904	491.925301018	1.7868430445	-5086.78706845
-39.057225	26.742038	-6.976256	500.208362433	9.95707639678	-5174.097052
-39.040539	26.738603	-4.992718	510.81486392	20.4879369537	-5219.93383909
-39.023854	26.735168	-2.227767	510.522010626	20.1436915853	-5153.32377281
-39.007169	26.731733	1.230096	501.772594348	11.3658656997	-4990.54308703
-38.990484	26.728298	4.718694	496.076779878	5.64010973257	-4804.32586068
-38.973798	26.724862	8.188767	493.013969598	2.54516381261	-4597.37868201
-38.957113	26.721427	10.852300	490.892790845	0.363008972793	-4413.10072354
-38.940428	26.717992	12.747353	488.137155939	-2.48099486799	-4247.74418888
-38.923743	26.714557	13.298591	485.513162052	-5.2376714674	-4159.35486175
-38.907057	26.711122	12.623556	483.586869879	-7.33785441828	-4141.20449932
-38.890372	26.707686	10.694976	483.793473343	-7.3486685905	-4236.18168092
-38.873687	26.704251	7.652265	487.001050496	-4.39813739812	-4432.5485835
-38.857002	26.700816	4.121609	491.689380601	0.00571070120753	-4628.01821092
-38.840316	26.697381	0.188461	496.436328897	4.44351287513	-4805.86585694
-38.823631	26.693946	-3.215001	498.680123599	6.37309808159	-4913.18104832
-38.806946	26.69051	-6.112528	497.618192633	4.99324545908	-4953.51803103
-38.790261	26.687075	-7.808375	491.767887387	-1.1608739833	-4921.36090143
-38.773576	26.68364	-8.445057	483.783563494	-9.43612653528	-4840.84152104
-38.75689	26.680205	-7.952664	480.999481556	-12.4916845206	-4793.27189355
-38.740205	26.67677	-6.498581	482.961761815	-10.7847509047	-4788.46458364
-38.72352	26.673334	-4.564694	490.347208146	-3.64195650392	-4817.96749529
-38.706835	26.669899	-2.247516	502.104491017	7.8814790747	-4872.11102356
-38.690149	26.666464	-0.167830	503.256392471	8.79959133583	-4835.31049939
-38.673464	26.663029	1.677049	494.97889718	0.285942782498	-4712.06131459
-38.656779	26.659594	2.868516	490.26357979	-4.6742841873	-4590.59878595
-38.640094	26.656158	3.475541	487.407349203	-7.7858899548	-4458.86349044
-38.623408	26.652723	3.484203	485.47790528	-9.98213452367	-4405.55099769
-38.606723	26.649288	2.999939	485.323371554	-10.4147438791	-4439.13901159
-38.590038	26.645853	2.316755	488.839126123	-7.18316484549	-4533.52903508
-38.573353	26.642418	1.506551	497.211065411	0.898844637969	-4699.27851932
-38.556667	26.638982	0.867158	501.710952543	5.10953011065	-4828.64088255
-38.539982	26.635547	0.411273	501.921157123	5.03194845346	-4913.74392301
-38.523297	26.632112	0.219410	502.40649053	5.23188690387	-4950.75657975
-38.506612	26.628677	0.255593	504.125812962	6.6688117411	-4941.01714566
-38.489926	26.625242	0.378784	502.311686469	4.57214000526	-4856.77204255
-38.473241	26.621806	0.557694	491.263946022	-6.75700975345	-4671.64320587
-38.456556	26.618371	0.691652	482.051988984	-16.2546025257	-4476.22344494
-38.439871	26.614936	0.753624	479.721320822	-18.8731604977	-4282.63511588
-38.423185	26.611501	0.848105	482.508366694	-16.3767892861	-4230.79291503
-38.4065	26.608066	0.947151	490.234007611	-8.94178403347	-4342.88184749
-38.389815	26.60463	1.198540	491.869476223	-7.59165991816	-4425.22657015
-38.37313	26.601195	1.579907	487.840117657	-11.8983524085	-4484.03229171
-38.356444	26.59776	2.050348	485.890234308	-14.1066028863	-4597.89391642
-38.339759	26.594325	2.611671	486.607552255	-13.6264532328	-4750.02300552
-38.323074	26.59089	3.050977	502.289831202	1.85100324049	-4944.96037982
-38.306389	26.587454	3.415313	527.111416522	26.5012023747	-5142.15744792
-38.289703	26.584019	3.462603	530.435949106	29.692058243	-5157.48506669
-38.273018	26.580584	3.253383	514.81741705	13.9774847026	-5021.01603618
-38.256333	26.577149	2.713574	500.918244746	0.0172743137469	-4871.50143253
-38.239648	26.573714	1.878971	493.866649287	-7.06141091958	-4756.99898259
-38.222962	26.570278	1.043446	496.979250615	-3.95106450423	-4779.94914216
-38.206277	26.566843	0.185361	507.153312923	6.24443036783	-4903.59834812
-38.189592	26.563408	-0.231281	512.292142442	11.419085724	-4987.06091087
-38.172907	26.559973	-0.296488	511.691691334	10.8692499298	-5022.14400962
-38.156221	26.556538	0.138087	510.101974225	9.33447776091	-5017.38286909
-38.139536	26.553102	0.973579	506.625268758	5.91689720048	-4974.50671412
-38.122851	26.549667	1.935684	506.321167592	5.66816692758	-4939.45172458
-38.106166	26.546232	3.016251	510.418430049	9.8164331881	-4924.26015452
-38.08948	26.542797	3.745785	512.419550851	11.8574994709	-4899.19609559
-38.072795	26.539362	4.225544	514.042245935	13.5087280175	-4873.35515374
-38.05611	26.535926	4.176793	508.327155667	7.80707818526	-4800.01227484
-38.039425	26.532491	3.723741	495.307953654	-5.21430898039	-4681.69409736
-38.022739	26.529056	2.934060	489.003463959	-11.5356891466	-4635.47929905
-38.006054	26.525621	1.875612	487.936882088	-12.6334655485	-4643.24134047
-37.989369	26.522186	0.867554	492.22631433	-8.38575357478	-4702.0275792
-37.972684	26.51875	-0.114099	499.847705927	-0.818003562648	-4803.05557787
-37.955998	26.515315	-0.800780	500.496622204	-0.229129206257	-4861.46070002
-37.939313	26.51188	-1.277975	497.900749117	-2.89332879792	-4893.78641949
-37.922628	26.508445	-1.490344	499.174636454	-1.69000770486	-4923.00147483
-37.905943	26.50501	-1.498402	500.662511759	-0.278341694207	-4934.27931208
-37.889257	26.501574	-1.384647	498.092412553	-2.92875820631	-4897.92482981
-37.872572	26.498139	-1.140363	494.749467784	-6.35925938951	-4837.2686912
-37.855887	26.494704	-0.840724	494.424104722	-6.7815878903	-4795.47678721
-37.839202	26.491269	-0.443127	495.15954296	-6.15658924303	-4758.70472149
-37.822516	26.487834	0.037938	494.816251817	-6.63713467725	-4714.90851664
-37.805831	26.484398	0.622129	494.052256523	-7.56880649976	-4662.81958305
-37.789146	26.480963	1.376596	492.809312603	-9.0281278705	-4595.48365489
-37.772461	26.477528	2.246430	491.712248281	-10.3932455741	-4526.7044845
-37.755775	26.474093	3.186429	491.710722318	-10.7325559644	-4475.58530163
-37.73909	26.470658	4.094989	492.126801732	-10.7243626151	-4437.02173306
-37.722405	26.467222	4.746660	492.770366803	-10.5685026161	-4417.20718061
-37.70572	26.463787	5.097088	493.506677569	-10.3973340553	-4415.88901724
-37.689034	26.460352	4.976417	494.092181542	-10.4506785484	-4439.95655937
-37.672349	26.456917	4.405187	494.962512556	-10.2892017184	-4490.00061085
-37.655664	26.453482	3.405995	496.613072743	-9.39887949053	-4569.68495659
-37.638979	26.450046	2.050513	498.916730501	-7.90295819562	-4675.77919557
-37.622293	26.446611	0.564775	502.009154027	-5.63633370619	-4798.32288798
-37.605608	26.443176	-0.986232	505.684987132	-2.80122382555	-4932.2138105
-37.588923	26.439741	-2.253103	509.745248443	0.436582855392	-5049.01306106
-37.572238	26.436306	-3.226243	513.946149958	3.83484135894	-5147.9168775
-37.555552	26.43287	-3.673994	516.34487054	5.47637687865	-5202.53501082
-37.538867	26.429435	-3.650566	517.371961788	5.79093717437	-5218.52145562
-37.522182	26.426	-3.221469	517.134327266	4.89771505915	-5202.37974302
-37.505497	26.422565	-2.454887	515.942844662	3.10510467385	-5160.79155564
-37.488811	26.41913	-1.647625	515.516088873	2.12899191498	-5124.18171592
-37.472126	26.415694	-0.815348	515.57049394	1.68336814115	-5092.18578155
-37.455441	26.412259	-0.251317	516.434135298	2.08425566116	-5086.02820079
-37.438756	26.408824	0.105658	517.874471943	3.09723686114	-5099.63528833
-37.42207	26.405389	0.206874	519.514158477	4.32933673588	-5133.53340574
-37.405385	26.401954	0.110921	521.293884414	5.72068384587	-5181.60111326
-37.3887	26.398519	-0.079554	523.163566512	7.20977135913	-5230.41231389
-37.372015	26.395083	-0.363771	524.997144736	8.66887456747	-5278.34237443
-37.355329	26.391648	-0.591595	526.434085819	9.73041848803	-5315.72997514
-37.338644	26.388213	-0.826568	527.37875951	10.2996199669	-5346.52218089
-37.321959	26.384778	-1.010614	527.949343834	10.4953590796	-5373.10297194
-37.305274	26.381343	-1.226308	528.483490143	10.6568769837	-5400.14318302
-37.288588	26.377907	-1.565655	529.381289109	11.1898950127	-5431.89353421
-37.271903	26.374472	-2.041051	530.74728999	12.2013327738	-5470.49103687
-37.255218	26.371037	-2.710464	531.915958949	13.0344882233	-5514.06555968
-37.238533	26.367602	-3.498041	532.9522943	13.7572484309	-5561.52599983
-37.221847	26.364167	-4.230568	533.86963296	14.3922302182	-5604.26962739
-37.205162	26.360731	-4.832946	534.690726914	14.9635419815	-5639.23874918
-37.188477	26.357296	-5.024479	535.416433101	15.478220824	-5653.03194976
-37.171792	26.353861	-4.784095	535.828889652	15.7193600602	-5644.53132348
-37.155106	26.350426	-3.949668	535.038226822	14.7952739691	-5604.35993468
-37.138421	26.346991	-2.565421	533.256077664	12.9177566606	-5534.30676397
-37.121736	26.343555	-0.806683	531.267410137	10.8630901444	-5442.18941178
-37.105051	26.34012	1.251667	528.972724674	8.5307124619	-5331.66599543
-37.088365	26.336685	3.054817	527.29478594	6.82932281849	-5230.24814994
-37.07168	26.33325	4.597510	526.220248862	5.74444641697	-5138.2063164
-37.054995	26.329815	5.363819	525.280908293	4.79557365551	-5080.2689411
-37.03831	26.326379	5.448667	524.479251342	3.98499882059	-5052.25641131
-37.021624	26.322944	4.789016	523.737059042	3.22760547926	-5059.40453246
-37.004939	26.319509	3.506464	523.344197321	2.81299654143	-5096.58257454
-36.988254	26.316074	2.028176	523.680532405	3.12268943753	-5148.6148179
-36.971569	26.312639	0.412284	524.224802184	3.63311234942	-5212.7238502
-36.954883	26.309203	-0.724100	525.256918468	4.6294122032	-5267.06119728
-36.938198	26.305768	-1.438785	526.788340137	6.11974680442	-5313.16487791
-36.921513	26.302333	-1.394042	528.20279124	7.49398663772	-5337.44222407
-36.904828	26.298898	-0.722132	529.589930315	8.83683999508	-5344.17265633
-36.888142	26.295463	0.428088	530.215501397	9.41665814419	-5332.50256499
-36.871457	26.292027	1.942452	530.385564606	9.53461064881	-5306.7378623
-36.854772	26.288592	3.372124	530.473050153	9.5592041269	-5274.43033471
-36.838087	26.285157	4.695243	530.4052321	9.41286518887	-5238.31290771
-36.821401	26.281722	5.665650	530.194072892	9.09925593805	-5205.43198699
-36.804716	26.278287	6.334412	529.830153203	8.60608679278	-5176.27436042
-36.788031	26.274851	6.831011	529.262578957	7.87471725135	-5153.0035241
-36.771346	26.271416	7.204857	528.721332021	7.13405477915	-5134.92222188
-36.75466	26.267981	7.751697	529.135324664	7.30557426558	-5120.66527523
-36.737975	26.264546	8.442787	530.109497758	7.99605189106	-5108.69973434
-36.72129	26.261111	9.303613	530.957009946	8.51594051344	-5097.32664588
-36.704605	26.257675	10.259435	531.799043983	8.98881798421	-5085.97935854
-36.687919	26.25424	10.950371	532.353583348	9.13328081674	-5079.78199107
-36.671234	26.250805	11.353124	532.66248532	8.99535295327	-5079.11109316
-36.654549	26.24737	11.069362	533.047122441	8.90350778859	-5094.82587046
-36.637864	26.243935	10.194699	533.333471181	8.68779639991	-5126.00849015
-36.621178	26.240499	8.778782	533.545751097	8.38403837939	-5176.0811297
-36.604493	26.237064	6.977807	534.04775553	8.35997487406	-5241.359689
-36.587808	26.233629	5.417743	535.584313869	9.37256882321	-5305.70763545
-36.571123	26.230194	4.172394	537.694008416	10.9619202872	-5365.18842119
-36.554437	26.226759	3.969572	539.487956107	12.2448391339	-5392.83043943
-36.537752	26.223323	4.698791	541.064671962	13.3202237798	-5389.76443419
-36.521067	26.219888	6.490459	541.089639253	12.8512256514	-5342.25035619
-36.504382	26.216453	9.131229	539.8959301	11.170046178	-5256.62307722
-36.487696	26.213018	11.929105	538.908301701	9.68916366447	-5149.78726262
-36.471011	26.209583	14.749641	537.929950832	8.21185489287	-5028.99934426
-36.454326	26.206147	16.566494	537.393358046	7.15630385308	-4934.20364483
-36.437641	26.202712	17.459391	537.177303137	6.40291317516	-4866.06059488
-36.420955	26.199277	16.903183	536.60566782	5.26604362793	-4854.1902858
-36.40427	26.195842	15.137739	536.105933689	4.1752156767	-4891.56443783
-36.387585	26.192407	12.528039	536.455072931	3.91014224922	-4975.46001159
-36.3709	26.188971	9.268447	537.548854801	4.37047299143	-5097.4290155
-36.354214	26.185536	6.300619	539.846511543	6.03048438324	-5224.83437005
-36.337529	26.182101	3.601045	542.687297998	8.23265046338	-5354.96009275
-36.320844	26.178666	1.883284	545.087431595	10.0151215052	-5452.86928755
-36.304159	26.175231	0.940245	547.263779891	11.5964932976	-5524.02238665
-36.287473	26.171795	0.776001	547.747763565	11.5297696513	-5558.05093496
-36.270788	26.16836	1.188408	546.940428656	10.216829615	-5562.67071879
-36.254103	26.164925	1.605795	545.7896246	8.61839186318	-5553.0520867
-36.237418	26.16149	1.997404	544.39201483	6.82792533229	-5532.23463724
-36.220732	26.158055	1.824862	543.841216616	5.94305629312	-5520.82692311
-36.204047	26.154619	1.252195	543.589522845	5.41685348094	-5515.32285955
-36.187362	26.151184	0.184284	542.9713533	4.57883185555	-5525.33892854
-36.170677	26.147749	-1.205421	542.362222981	3.8054170648	-5545.43182176
-36.153991	26.144314	-2.649560	542.468578876	3.79096672967	-5572.91111661
-36.137306	26.140879	-4.113795	543.138448554	4.38526540185	-5604.74556535
-36.120621	26.137443	-5.326915	543.298749807	4.5022081327	-5631.98905578
-36.103936	26.134008	-6.378218	542.990877077	4.18530833901	-5655.10180732
-36.08725	26.130573	-7.245662	542.734743915	3.94268435055	-5671.30313708
-36.070565	26.127138	-8.024141	542.543917605	3.78909342517	-5683.71874779
-36.05388	26.123703	-8.867493	541.979806524	3.28275197481	-5696.60706617
-36.037195	26.120267	-9.777105	541.038947328	2.42318120965	-5712.13267924
-36.020509	26.116832	-10.843147	540.452623124	1.94617152861	-5737.58652348
-36.003824	26.113397	-11.991905	540.348285481	1.98133636143	-5770.26038852
-35.987139	26.109962	-13.147596	540.99246423	2.80475333534	-5805.56208915
-35.970454	26.106527	-14.235194	541.933170277	3.9650516563	-5837.35017966
-35.953768	26.103091	-15.075730	541.744980907	4.04832015799	-5847.74903112
-35.937083	26.099656	-15.660813	540.16387275	2.78886847129	-5836.07981528
-35.920398	26.096221	-15.883925	536.026789266	-0.965955616866	-5795.64828789
-35.903713	26.092786	-15.791450	530.387414417	-6.16478134588	-5735.3447127
-35.887027	26.089351	-15.419424	527.784335667	-8.26714992827	-5692.57083105
-35.870342	26.085915	-14.784143	528.338349268	-7.15882356631	-5665.09181406
-35.853657	26.08248	-13.919156	532.880140358	-2.01850141287	-5653.84013555
-35.836972	26.079045	-12.801446	538.523706932	4.25937485583	-5644.19720536
-35.820286	26.07561	-11.427673	535.9590527	2.34645223288	-5575.61957704
-35.803601	26.072175	-9.788216	528.848894186	-4.10440578275	-5466.16304408
-35.786916	26.068739	-7.890611	523.750712888	-8.56151058268	-5336.30793369
-35.770231	26.065304	-5.781501	520.010359671	-11.6870593898	-5195.77365475
-35.753545	26.061869	-3.544951	518.348443593	-12.7815857102	-5076.96548443
-35.73686	26.058434	-1.282897	518.077828508	-12.5381663518	-4978.44544794
-35.720175	26.054999	0.768787	518.400889995	-11.7763915511	-4908.69400028
-35.70349	26.051563	2.519170	519.194857406	-10.6217472112	-4867.95814103
-35.686804	26.048128	3.780761	520.215732377	-9.3305130652	-4859.1215784
-35.670119	26.044693	4.568781	521.590889842	-7.77587488274	-4875.36738767
-35.653434	26.041258	4.953258	523.056528614	-6.22582937308	-4903.15631036
-35.636749	26.037823	5.004538	524.486449177	-4.80479602943	-4935.66403383
-35.620063	26.034387	4.959181	525.516052869	-3.87453294435	-4952.94077508
-35.603378	26.030952	4.866862	525.942914592	-3.63365280131	-4954.87659211
-35.586693	26.027517	4.892421	525.260545494	-4.58114723229	-4935.76859983
-35.570008	26.024082	5.026681	523.929241589	-6.25211610929	-4901.11517673
-35.553322	26.020647	5.202325	522.843582556	-7.74353081292	-4866.63305138
-35.536637	26.017211	5.384735	522.04185244	-9.0117278391	-4836.8090349
-35.519952	26.013776	5.379800	522.245556665	-9.32520362678	-4833.30039362
-35.503267	26.010341	5.173612	523.051488222	-9.07978506644	-4855.08855473
-35.486581	26.006906	4.675537	524.428653059	-8.29107555014	-4908.66494665
-35.469896	26.003471	3.913987	526.579669702	-6.7496855502	-4988.54913724
-35.453211	26.000035	3.031052	529.309237575	-4.63321321844	-5079.47089595
-35.436526	25.9966	2.091589	532.312717358	-2.23995016385	-5176.02596515
-35.41984	25.993165	1.356201	534.735562358	-0.404145869805	-5254.34346273
-35.403155	25.98973	0.851507	536.687337682	0.986836538317	-5315.44624913
-35.38647	25.986295	0.706621	537.463648285	1.24517344922	-5348.36061635
-35.369785	25.982859	0.914755	537.239323528	0.545159546737	-5356.07938683
-35.353099	25.979424	1.380538	535.339455726	-1.77726525635	-5339.09476155
-35.336414	25.975989	2.053640	532.361786212	-5.12701533388	-5307.36380806
-35.319729	25.972554	2.666760	531.070553909	-6.73377751819	-5298.20906675
-35.303044	25.969119	3.163064	531.973817627	-6.09402659935	-5308.19712653
-35.286358	25.965684	3.308706	540.598665014	2.32029762119	-5360.4342885
-35.269673	25.962248	3.097968	550.77780019	12.3369082608	-5425.77693974
-35.252988	25.958813	2.551619	550.350438272	11.7930612051	-5444.40086973
-35.236303	25.955378	1.696088	546.112573163	7.4804840388	-5451.11378273
-35.219617	25.951943	0.767056	542.46414857	3.79472133681	-5463.51528678
-35.202932	25.948508	-0.205266	540.263348392	1.59000718353	-5484.4170637
-35.186247	25.945072	-0.957675	541.793458846	3.14095129607	-5517.69068651
-35.169562	25.941637	-1.468855	542.959039832	4.34833353573	-5536.71580389
-35.152876	25.938202	-1.657556	541.740237529	3.17921612174	-5516.28308342
-35.136191	25.934767	-1.528636	539.741678373	1.2348391777	-5466.56440512
-35.119506	25.931332	-1.250431	537.797151996	-0.666749091734	-5398.9170671
-35.102821	25.927896	-0.851525	535.663459143	-2.77163905898	-5320.45734655
-35.086135	25.924461	-0.601994	533.537776569	-4.89531229048	-5252.0624774
-35.06945	25.921026	-0.508603	531.933424169	-6.52324371494	-5197.59332534
-35.052765	25.917591	-0.766790	531.048437474	-7.4641009861	-5173.56796988
-35.03608	25.914156	-1.350586	530.627823204	-7.96878089447	-5177.34965014
-35.019394	25.91072	-2.195207	530.585625317	-8.12097508567	-5207.03165253
-35.002709	25.907285	-3.241574	530.985799038	-7.85140965303	-5255.19968063
-34.986024	25.90385	-4.197335	531.970081239	-7.01035684252	-5304.4614862
-34.969339	25.900415	-5.017316	533.255154144	-5.8766641347	-5350.14819409
-34.952653	25.89698	-5.389609	534.113390802	-5.16834751775	-5374.13661637
-34.935968	25.893544	-5.332037	534.519611843	-4.90992027998	-5375.97985013
-34.919283	25.890109	-4.737557	534.182116592	-5.38933374978	-5347.11208905
-34.902598	25.886674	-3.709931	533.202254274	-6.50665222935	-5293.42293323
-34.885912	25.883239	-2.435290	531.770166951	-8.0767051063	-5221.31512939
-34.869227	25.879804	-1.057768	530.320847585	-9.66773675529	-5139.45293896
-34.852542	25.876368	0.019050	529.417872411	-10.7284432172	-5064.82289508
-34.835857	25.872933	0.713130	528.687449126	-11.6341984495	-5003.98237282
-34.819171	25.869498	0.647141	527.834696551	-12.6916633912	-4977.70573589
-34.802486	25.866063	-0.107053	527.230479946	-13.5290614038	-4984.6856833
-34.785801	25.862628	-1.640349	527.022530068	-14.0046856105	-5035.90102709
-34.769116	25.859192	-3.749770	527.152491822	-14.1734871345	-5122.95160161
-34.75243	25.855757	-6.149736	528.016540049	-13.6352853917	-5240.14742269
-34.735745	25.852322	-8.612514	529.864283939	-12.1374375197	-5372.23436785
-34.71906	25.848887	-10.616777	533.669772536	-8.69597048194	-5495.50432479
-34.702375	25.845452	-12.089017	537.986525996	-4.75775865359	-5597.70727071
-34.685689	25.842016	-12.606729	540.769722028	-2.35835703185	-5645.87041568
-34.669004	25.838581	-12.324919	541.745694092	-1.77594607883	-5648.28698953
-34.652319	25.835146	-11.199996	539.67221353	-4.24998644335	-5595.92820132
-34.635634	25.831711	-9.519585	536.760854186	-7.5760529145	-5512.12093676
-34.618948	25.828276	-7.643335	535.011697067	-9.75884000471	-5424.33890012
-34.602263	25.82484	-5.810298	533.967429525	-11.2629431759	-5343.33894131
-34.585578	25.821405	-4.517540	534.296801039	-11.4283911984	-5293.52938504
-34.568893	25.81797	-3.759358	535.251899981	-11.0059024888	-5270.24980917
-34.552207	25.814535	-3.739847	535.57908292	-11.2565699533	-5273.64841119
-34.535522	25.8111	-4.280964	535.624787243	-11.8308916044	-5303.87857371
-34.518837	25.807664	-5.244077	534.885427982	-13.2327586069	-5358.25958904
-34.502152	25.804229	-6.475031	534.72286607	-14.0924426269	-5434.10551593
-34.485466	25.800794	-7.751668	536.816792437	-12.7232827727	-5521.18579472
-34.468781	25.797359	-9.026168	540.01202321	-10.2709943804	-5606.97673489
-34.452096	25.793924	-10.193810	544.320006357	-6.71303348573	-5686.96548276
-34.435411	25.790488	-11.276234	547.849312853	-3.93053749413	-5757.63819487
-34.418725	25.787053	-12.300148	549.820933897	-2.68556478783	-5825.92274361
-34.40204	25.783618	-13.284337	551.167140252	-2.03839150721	-5889.62211544
-34.385355	25.780183	-14.318116	552.06915723	-1.79297742158	-5947.48437336
-34.36867	25.776748	-15.374012	553.342795217	-1.12963489374	-5998.97227964
-34.351984	25.773312	-16.473315	554.847029407	-0.178623793224	-6038.10935046
-34.335299	25.769877	-17.547320	555.850032696	0.328311138098	-6065.14503215
-34.318614	25.766442	-18.473655	555.384932355	-0.57087952073	-6075.11156754
-34.301929	25.763007	-19.213892	554.19455154	-2.13703589584	-6071.57313761
-34.285243	25.759572	-19.590925	554.307338282	-2.34221155363	-6066.00826439
-34.268558	25.756136	-19.633284	554.927440714	-1.98641822463	-6063.48449455
-34.251873	25.752701	-19.238935	555.155520222	-1.97316198568	-6074.31458093
-34.235188	25.749266	-18.487964	556.426566586	-0.872144228899	-6097.02193978
-34.218502	25.745831	-17.406739	563.28793518	5.85706641789	-6128.72170206
-34.201817	25.742396	-16.103908	572.006568061	14.4767407332	-6154.65857752
-34.185132	25.73896	-14.748252	568.464223173	10.8578170137	-6110.29683177
-34.168447	25.735525	-13.437621	558.29030628	0.626525724917	-6022.97864486
-34.151761	25.73209	-12.432352	551.465109353	-6.24721915832	-5928.40612024
-34.135076	25.728655	-11.756981	547.332356225	-10.421166889	-5842.73814466
-34.118391	25.72522	-11.600157	551.73218642	-6.0619361699	-5831.73905879
-34.101706	25.721784	-11.849356	557.758346169	-0.0749366742648	-5858.239312
-34.08502	25.718349	-12.471694	552.752004864	-5.12033516145	-5876.64260924
-34.068335	25.714914	-13.288332	548.078588729	-9.83057453038	-5922.17171326
-34.05165	25.711479	-14.083680	554.666684815	-3.27357590969	-6031.74954449
-34.034965	25.708044	-14.702314	562.950610125	4.98381151037	-6139.6421804
-34.018279	25.704608	-14.858698	569.044535002	11.0581659196	-6189.98439633
-34.001594	25.701173	-14.558353	571.541220545	13.5356336147	-6179.94934015
-33.984909	25.697738	-13.656360	563.718873603	5.68912795582	-6058.23865717
-33.968224	25.694303	-12.336270	552.524016496	-5.54390403472	-5871.09761046
-33.951538	25.690868	-10.799532	543.461480698	-14.6721870126	-5643.65192985
-33.934853	25.687432	-9.318116	535.186761731	-23.0460682958	-5399.39805503
-33.918168	25.683997	-8.300415	530.986201001	-27.3936131765	-5195.0878241
-33.901483	25.680562	-7.887601	528.601286095	-29.9694344697	-5043.60824155
-33.884797	25.677127	-8.384308	523.887372726	-34.9215380025	-4979.62619077
-33.868112	25.673692	-9.684042	518.901753219	-40.1760153661	-5022.43202262
-33.851427	25.670256	-11.725182	514.494847101	-44.8666231258	-5222.07655966
-33.834742	25.666821	-14.222003	516.616723458	-43.0201822614	-5528.53260098
-33.818056	25.663386	-16.780906	535.592606544	-24.2797321141	-5907.66431782
-33.801371	25.659951	-19.148848	558.841777065	-1.20789019085	-6264.63282673
-33.784686	25.656516	-20.840071	575.570619657	15.4377516125	-6475.4739765
-33.768001	25.65308	-21.785816	581.796552586	21.6797789904	-6559.5999668
-33.751315	25.649645	-21.743754	570.47867239	10.4991085604	-6494.39921598
-33.73463	25.64621	-20.882801	556.938572997	-2.79249771049	-6355.97102419
